1	2	84	85	1.314935
1	3	84	86	4.608584
1	4	84	87	7.909421
1	5	84	88	11.384919
1	6	84	89	14.379403
1	7	84	90	17.678054
1	8	84	91	18.330815
1	9	84	92	23.560427
1	10	84	93	25.667635
1	11	84	94	28.781113
1	12	84	95	29.030288
1	13	84	96	27.113842
1	14	84	97	24.681476
1	15	84	98	24.204585
1	16	84	99	23.581419
1	17	84	100	21.058114
1	18	84	101	19.217328
1	19	84	102	19.312306
1	20	84	103	18.316176
1	21	84	104	15.411682
1	22	84	105	14.346457
1	23	84	106	14.542847
1	24	84	107	13.039766
1	25	84	108	9.858896
1	26	84	109	6.674876
1	27	84	110	11.949561
1	28	84	111	13.076027
1	29	84	112	17.124858
1	30	84	113	16.061348
1	31	84	114	20.548018
1	32	84	115	23.789633
1	33	84	116	26.362591
1	34	84	117	29.649514
1	35	84	118	26.711890
1	36	84	119	24.063532
1	37	84	120	20.261030
1	38	84	121	17.451388
1	39	84	122	13.895948
1	40	84	123	11.509196
1	41	84	124	7.869706
1	42	84	125	5.206048
1	43	84	126	3.433005
1	44	84	127	3.678068
1	45	84	128	5.659222
1	46	84	129	8.388758
1	47	84	130	7.481314
1	48	84	131	6.500501
1	49	84	132	10.582317
1	50	84	133	12.851656
1	51	84	134	12.999718
1	52	84	135	13.441173
1	53	84	136	16.608523
1	54	84	137	17.348340
1	55	84	138	18.481864
1	56	84	139	17.392427
1	57	84	140	23.160741
1	58	84	141	24.738137
1	59	84	142	23.631851
1	60	84	144	18.407741
1	61	84	145	21.052823
1	62	84	146	17.251971
1	63	84	147	13.290546
1	64	84	148	11.153955
1	65	84	149	8.154473
1	66	84	150	4.966313
1	67	84	151	3.863548
1	68	84	152	3.481276
1	69	84	153	2.725533
1	70	84	154	5.101134
1	71	84	155	6.636219
1	72	84	156	9.851206
1	73	84	157	5.242664
1	74	84	158	12.030764
2	3	85	86	1.312026
2	4	85	87	4.377845
2	5	85	88	7.874376
2	6	85	89	10.852666
2	7	85	90	13.920255
2	8	85	91	14.772942
2	9	85	92	19.764184
2	10	85	93	22.067048
2	11	85	94	25.173069
2	12	85	95	26.020239
2	13	85	96	24.439459
2	14	85	97	21.537326
2	15	85	98	21.300594
2	16	85	99	21.383130
2	17	85	100	18.765114
2	18	85	101	16.552483
2	19	85	102	17.377242
2	20	85	103	17.247401
2	21	85	104	13.895737
2	22	85	105	12.914771
2	23	85	106	14.693625
2	24	85	107	13.834158
2	25	85	108	9.638210
2	26	85	109	9.737480
2	27	85	110	10.028105
2	28	85	111	11.113071
2	29	85	112	14.040071
2	30	85	113	12.504997
2	31	85	114	16.775063
2	32	85	115	19.976836
2	33	85	116	22.533953
2	34	85	117	25.812986
2	35	85	118	23.011208
2	36	85	119	20.269299
2	37	85	120	16.513861
2	38	85	121	13.799235
2	39	85	122	10.092205
2	40	85	123	7.957836
2	41	85	124	3.997252
2	42	85	125	3.252775
2	43	85	126	2.851346
2	44	85	127	4.863123
2	45	85	128	2.983608
2	46	85	129	5.720150
2	47	85	130	7.321221
2	48	85	131	3.664936
2	49	85	132	5.734799
2	50	85	133	9.194660
2	51	85	134	10.359366
2	52	85	135	8.610306
2	53	85	136	12.318361
2	54	85	137	14.509919
2	55	85	138	14.996846
2	56	85	139	12.123240
2	57	85	140	18.724796
2	58	85	141	20.639433
2	59	85	142	19.570442
2	60	85	144	13.665608
2	61	85	145	16.046340
2	62	85	146	12.624889
2	63	85	147	8.053481
2	64	85	148	7.084164
2	65	85	149	2.681100
2	66	85	150	3.559124
2	67	85	151	2.856770
2	68	85	152	3.765313
2	69	85	153	4.938651
2	70	85	154	7.471345
2	71	85	155	9.870405
2	72	85	156	13.299293
2	73	85	157	12.163900
2	74	85	158	17.049547
3	4	86	87	1.325083
3	5	86	88	4.484596
3	6	86	89	7.707658
3	7	86	90	11.026904
3	8	86	91	12.708968
3	9	86	92	17.342675
3	10	86	93	20.010515
3	11	86	94	23.062992
3	12	86	95	24.566605
3	13	86	96	23.330667
3	14	86	97	20.117401
3	15	86	98	19.937080
3	16	86	99	20.659496
3	17	86	100	18.170630
3	18	86	101	15.291627
3	19	86	102	16.582609
3	20	86	103	17.380467
3	21	86	104	14.218098
3	22	86	105	11.873929
3	23	86	106	14.789042
3	24	86	107	14.987624
3	25	86	108	10.821180
3	26	86	109	9.714038
3	27	86	110	9.241579
3	28	86	111	7.978043
3	29	86	112	11.267094
3	30	86	113	7.714480
3	31	86	114	12.618426
3	32	86	115	16.054611
3	33	86	116	19.001008
3	34	86	117	22.487446
3	35	86	118	20.332460
3	36	86	119	17.296513
3	37	86	120	13.742525
3	38	86	121	10.084916
3	39	86	122	7.311833
3	40	86	123	4.076824
3	41	86	124	3.486527
3	42	86	125	4.359625
3	43	86	126	5.237638
3	44	86	127	7.278666
3	45	86	128	7.694310
3	46	86	129	9.921953
3	47	86	130	9.551949
3	48	86	131	4.154202
3	49	86	132	9.547419
3	50	86	133	12.003876
3	51	86	134	9.993217
3	52	86	135	9.482791
3	53	86	136	13.925301
3	54	86	137	15.080505
3	55	86	138	13.636220
3	56	86	139	13.678198
3	57	86	140	19.273773
3	58	86	141	20.526919
3	59	86	142	18.419622
3	60	86	144	12.819440
3	61	86	145	14.473331
3	62	86	146	10.591644
3	63	86	147	7.268391
3	64	86	148	4.147852
3	65	86	149	3.442307
3	66	86	150	2.920795
3	67	86	151	4.872767
3	68	86	152	6.729320
3	69	86	153	6.672101
3	70	86	154	9.867687
3	71	86	155	12.650090
3	72	86	156	16.210390
3	73	86	157	15.400393
3	74	86	158	19.986110
4	5	87	88	1.326875
4	6	87	89	4.198350
4	7	87	90	7.383109
4	8	87	91	7.574512
4	9	87	92	12.796259
4	10	87	93	14.875722
4	11	87	94	17.961411
4	12	87	95	19.354229
4	13	87	96	17.689442
4	14	87	97	14.592728
4	15	87	98	15.245270
4	16	87	99	15.730463
4	17	87	100	12.731573
4	18	87	101	10.368607
4	19	87	102	13.040415
4	20	87	103	13.154941
4	21	87	104	9.820534
4	22	87	105	9.157054
4	23	87	106	11.945285
4	24	87	107	11.895638
4	25	87	108	7.882198
4	26	87	109	9.382578
4	27	87	110	7.770562
4	28	87	111	6.994230
4	29	87	112	9.208130
4	30	87	113	6.867393
4	31	87	114	10.620763
4	32	87	115	13.572739
4	33	87	116	15.932592
4	34	87	117	19.201316
4	35	87	118	16.352445
4	36	87	119	13.644697
4	37	87	120	9.888577
4	38	87	121	7.066547
4	39	87	122	3.502218
4	40	87	123	3.372517
4	41	87	124	2.853927
4	42	87	125	5.013099
4	43	87	126	6.496447
4	44	87	127	7.887823
4	45	87	128	7.325929
4	46	87	129	8.565973
4	47	87	130	6.194417
4	48	87	131	3.629567
4	49	87	132	5.587419
4	50	87	133	7.212530
4	51	87	134	4.018989
4	52	87	135	3.767002
4	53	87	136	7.666806
4	54	87	137	8.967554
4	55	87	138	7.480837
4	56	87	139	8.122652
4	57	87	140	12.791724
4	58	87	141	14.075813
4	59	87	142	12.565697
4	60	87	144	7.672578
4	61	87	145	10.727393
4	62	87	146	6.953475
4	63	87	147	4.049867
4	64	87	148	3.249038
4	65	87	149	3.694222
4	66	87	150	5.108817
4	67	87	151	7.080170
4	68	87	152	9.495607
4	69	87	153	10.143943
4	70	87	154	13.430596
4	71	87	155	16.182875
4	72	87	156	19.711359
4	73	87	157	18.029119
4	74	87	158	23.189461
5	6	88	89	1.316443
5	7	88	90	4.297655
5	8	88	91	7.295010
5	9	88	92	10.924151
5	10	88	93	13.854843
5	11	88	94	17.140509
5	12	88	95	19.472146
5	13	88	96	18.810269
5	14	88	97	15.289245
5	15	88	98	14.487468
5	16	88	99	17.060550
5	17	88	100	14.850895
5	18	88	101	10.674342
5	19	88	102	13.809901
5	20	88	103	15.574725
5	21	88	104	13.050438
5	22	88	105	10.138027
5	23	88	106	13.856465
5	24	88	107	15.387484
5	25	88	108	12.070877
5	26	88	109	11.182944
5	27	88	110	9.493148
5	28	88	111	6.810579
5	29	88	112	8.372862
5	30	88	113	3.771711
5	31	88	114	8.405758
5	32	88	115	11.548796
5	33	88	116	13.983827
5	34	88	117	17.041302
5	35	88	118	13.861748
5	36	88	119	11.341557
5	37	88	120	7.523484
5	38	88	121	4.543583
5	39	88	122	3.196221
5	40	88	123	3.782935
5	41	88	124	5.149916
5	42	88	125	7.488578
5	43	88	126	9.760243
5	44	88	127	11.203175
5	45	88	128	11.566184
5	46	88	129	13.385628
5	47	88	130	11.271722
5	48	88	131	6.809040
5	49	88	132	10.708111
5	50	88	133	12.779103
5	51	88	134	7.611834
5	52	88	135	6.954491
5	53	88	136	12.345837
5	54	88	137	13.224623
5	55	88	138	9.400100
5	56	88	139	11.016590
5	57	88	140	15.380082
5	58	88	141	15.991563
5	59	88	142	13.152537
5	60	88	144	7.291069
5	61	88	145	7.994782
5	62	88	146	3.972991
5	63	88	147	3.463181
5	64	88	148	2.769044
5	65	88	149	4.978454
5	66	88	150	6.472445
5	67	88	151	9.030142
5	68	88	152	12.155352
5	69	88	153	12.990484
5	70	88	154	16.651938
5	71	88	155	19.558022
5	72	88	156	23.125416
5	73	88	157	21.512552
5	74	88	158	26.663967
6	7	89	90	1.323570
6	8	89	91	3.719354
6	9	89	92	7.219946
6	10	89	93	9.829970
6	11	89	94	13.041269
6	12	89	95	15.417060
6	13	89	96	15.066977
6	14	89	97	11.498321
6	15	89	98	10.351874
6	16	89	99	13.636835
6	17	89	100	11.217823
6	18	89	101	7.075152
6	19	89	102	10.390923
6	20	89	103	12.244965
6	21	89	104	9.755872
6	22	89	105	7.222764
6	23	89	106	11.201209
6	24	89	107	12.771385
6	25	89	108	9.644252
6	26	89	109	10.974812
6	27	89	110	8.897258
6	28	89	111	7.306558
6	29	89	112	7.489016
6	30	89	113	7.086541
6	31	89	114	7.210966
6	32	89	115	9.310788
6	33	89	116	10.527722
6	34	89	117	13.091124
6	35	89	118	9.842852
6	36	89	119	7.403276
6	37	89	120	3.487233
6	38	89	121	3.368511
6	39	89	122	2.823188
6	40	89	123	5.128309
6	41	89	124	6.133639
6	42	89	125	9.078531
6	43	89	126	11.493892
6	44	89	127	11.955743
6	45	89	128	11.602615
6	46	89	129	12.416599
6	47	89	130	9.695441
6	48	89	131	7.447046
6	49	89	132	9.534549
6	50	89	133	9.897525
6	51	89	134	3.959150
6	52	89	135	3.972894
6	53	89	136	9.086040
6	54	89	137	9.507330
6	55	89	138	5.297070
6	56	89	139	8.247750
6	57	89	140	10.947975
6	58	89	141	11.550887
6	59	89	142	8.937992
6	60	89	144	3.840241
6	61	89	145	5.641382
6	62	89	146	3.435971
6	63	89	147	3.814144
6	64	89	148	5.075605
6	65	89	149	7.267347
6	66	89	150	9.604998
6	67	89	151	12.034652
6	68	89	152	15.213709
6	69	89	153	16.411225
6	70	89	154	19.921554
6	71	89	155	22.743930
6	72	89	156	26.267473
6	73	89	157	23.245058
6	74	89	158	29.524327
7	8	90	91	1.328881
7	9	90	92	4.413756
7	10	90	93	7.605817
7	11	90	94	11.152086
7	12	90	95	14.348769
7	13	90	96	14.431706
7	14	90	97	10.861464
7	15	90	98	9.426620
7	16	90	99	13.429642
7	17	90	100	12.247696
7	18	90	101	7.707067
7	19	90	102	11.274749
7	20	90	103	13.896758
7	21	90	104	12.741098
7	22	90	105	9.776296
7	23	90	106	14.209923
7	24	90	107	16.232033
7	25	90	108	13.773520
7	26	90	109	14.501132
7	27	90	110	12.179731
7	28	90	111	9.419756
7	29	90	112	9.056384
7	30	90	113	8.489710
7	31	90	114	5.399936
7	32	90	115	8.643394
7	33	90	116	7.772502
7	34	90	117	10.888823
7	35	90	118	7.584824
7	36	90	119	4.229826
7	37	90	120	3.430914
7	38	90	121	3.961851
7	39	90	122	4.913197
7	40	90	123	7.554927
7	41	90	124	9.351566
7	42	90	125	12.582079
7	43	90	126	15.238877
7	44	90	127	15.907295
7	45	90	128	15.347727
7	46	90	129	16.508252
7	47	90	130	13.988706
7	48	90	131	11.425895
7	49	90	132	13.353504
7	50	90	133	13.880792
7	51	90	134	7.831509
7	52	90	135	7.423260
7	53	90	136	12.031683
7	54	90	137	12.468419
7	55	90	138	6.946234
7	56	90	139	9.718257
7	57	90	140	11.613809
7	58	90	141	10.939775
7	59	90	142	7.813084
7	60	90	144	3.718159
7	61	90	145	2.774342
7	62	90	146	2.871947
7	63	90	147	5.105922
7	64	90	148	6.295468
7	65	90	149	9.407630
7	66	90	150	12.347589
7	67	90	151	14.730867
7	68	90	152	18.087005
7	69	90	153	19.612414
7	70	90	154	23.167099
7	71	90	155	26.075538
7	72	90	156	29.612762
7	73	90	157	27.152303
7	74	90	158	32.962476
8	9	91	92	1.336258
8	10	91	93	3.900537
8	11	91	94	7.335060
8	12	91	95	10.315660
8	13	91	96	9.777248
8	14	91	97	6.241324
8	15	91	98	5.562213
8	16	91	99	9.266374
8	17	91	100	7.938266
8	18	91	101	3.809087
8	19	91	102	7.438268
8	20	91	103	9.675409
8	21	91	104	7.923787
8	22	91	105	5.717973
8	23	91	106	10.084464
8	24	91	107	11.871902
8	25	91	108	10.089506
8	26	91	109	12.035576
8	27	91	110	10.037676
8	28	91	111	8.780881
8	29	91	112	7.499998
8	30	91	113	9.789696
8	31	91	114	7.306678
8	32	91	115	8.079756
8	33	91	116	7.080936
8	34	91	117	7.875093
8	35	91	118	3.854086
8	36	91	119	3.319297
8	37	91	120	2.821537
8	38	91	121	4.965371
8	39	91	122	3.987935
8	40	91	123	7.835085
8	41	91	124	8.882660
8	42	91	125	12.139679
8	43	91	126	14.669876
8	44	91	127	14.960606
8	45	91	128	14.405119
8	46	91	129	14.320000
8	47	91	130	11.512137
8	48	91	131	9.598091
8	49	91	132	10.936388
8	50	91	133	10.298536
8	51	91	134	4.151908
8	52	91	135	6.154237
8	53	91	136	9.349227
8	54	91	137	8.176067
8	55	91	138	3.188576
8	56	91	139	7.501115
8	57	91	140	8.974182
8	58	91	141	6.878783
8	59	91	142	3.605039
8	60	91	144	4.618057
8	61	91	145	4.340175
8	62	91	146	5.534768
8	63	91	147	7.252787
8	64	91	148	9.639451
8	65	91	149	12.061544
8	66	91	150	15.033097
8	67	91	151	17.003276
8	68	91	152	19.762118
8	69	91	153	21.259727
8	70	91	154	24.378893
8	71	91	155	26.835612
8	72	91	156	30.147537
8	73	91	157	26.025574
8	74	91	158	32.744422
9	10	92	93	1.318659
9	11	92	94	4.706304
9	12	92	95	8.208747
9	13	92	96	9.014980
9	14	92	97	6.546232
9	15	92	98	6.256184
9	16	92	99	9.325522
9	17	92	100	9.561103
9	18	92	101	6.008000
9	19	92	102	9.864735
9	20	92	103	12.590027
9	21	92	104	12.091806
9	22	92	105	10.732313
9	23	92	106	15.003649
9	24	92	107	16.930143
9	25	92	108	15.760573
9	26	92	109	17.680996
9	27	92	110	15.464669
9	28	92	111	13.033277
9	29	92	112	10.598842
9	30	92	113	12.455295
9	31	92	114	9.522640
9	32	92	115	10.138833
9	33	92	116	7.675232
9	34	92	117	7.530134
9	35	92	118	3.329017
9	36	92	119	3.819923
9	37	92	120	5.132878
9	38	92	121	7.538852
9	39	92	122	8.694495
9	40	92	123	12.353021
9	41	92	124	14.563029
9	42	92	125	17.728040
9	43	92	126	20.386549
9	44	92	127	20.547242
9	45	92	128	19.559531
9	46	92	129	19.696552
9	47	92	130	17.219498
9	48	92	131	14.855608
9	49	92	132	15.577662
9	50	92	133	15.214726
9	51	92	134	10.135302
9	52	92	135	10.410085
9	53	92	136	13.063899
9	54	92	137	11.349211
9	55	92	138	7.379159
9	56	92	139	8.325855
9	57	92	140	9.001227
9	58	92	141	5.832402
9	59	92	142	3.728334
9	60	92	144	5.017323
9	61	92	145	3.844661
9	62	92	146	7.225025
9	63	92	147	10.151036
9	64	92	148	12.639738
9	65	92	149	15.824037
9	66	92	150	18.855592
9	67	92	151	20.996479
9	68	92	152	24.192548
9	69	92	153	26.056426
9	70	92	154	29.365067
9	71	92	155	32.102994
9	72	92	156	35.535939
9	73	92	157	31.947631
9	74	92	158	38.470830
10	11	93	94	1.327225
10	12	93	95	4.585411
10	13	93	96	6.371524
10	14	93	97	3.663809
10	15	93	98	3.399546
10	16	93	99	6.127218
10	17	93	100	7.057886
10	18	93	101	4.386059
10	19	93	102	7.339303
10	20	93	103	9.919880
10	21	93	104	10.725201
10	22	93	105	9.872766
10	23	93	106	13.197010
10	24	93	107	14.904584
10	25	93	108	14.820127
10	26	93	109	17.060509
10	27	93	110	15.348470
10	28	93	111	13.768156
10	29	93	112	9.493306
10	30	93	113	13.506244
10	31	93	114	10.278934
10	32	93	115	9.030134
10	33	93	116	6.626581
10	34	93	117	4.524836
10	35	93	118	3.042722
10	36	93	119	5.118416
10	37	93	120	5.657544
10	38	93	121	9.089181
10	39	93	122	9.416942
10	40	93	123	13.951699
10	41	93	124	15.767517
10	42	93	125	19.040538
10	43	93	126	21.706512
10	44	93	127	21.961343
10	45	93	128	21.211658
10	46	93	129	20.499188
10	47	93	130	17.869555
10	48	93	131	16.252267
10	49	93	132	16.618416
10	50	93	133	15.205432
10	51	93	134	10.360785
10	52	93	135	12.018909
10	53	93	136	13.473768
10	54	93	137	10.852030
10	55	93	138	7.998961
10	56	93	139	10.033345
10	57	93	140	9.747259
10	58	93	141	5.664923
10	59	93	142	4.025276
10	60	93	144	7.512879
10	61	93	145	6.869458
10	62	93	146	10.663478
10	63	93	147	13.421074
10	64	93	148	15.949379
10	65	93	149	19.053661
10	66	93	150	21.942450
10	67	93	151	24.076890
10	68	93	152	27.102822
10	69	93	153	28.651493
10	70	93	154	31.749738
10	71	93	155	34.123468
10	72	93	156	37.373862
10	73	93	157	32.621479
10	74	93	158	39.599996
11	12	94	95	1.322501
11	13	94	96	3.271576
11	14	94	97	3.059815
11	15	94	98	3.579049
11	16	94	99	5.756244
11	17	94	100	7.208034
11	18	94	101	7.259441
11	19	94	102	9.537701
11	20	94	103	9.857801
11	21	94	104	12.681703
11	22	94	105	12.702515
11	23	94	106	14.814573
11	24	94	107	16.230838
11	25	94	108	17.574510
11	26	94	109	19.801947
11	27	94	110	18.112120
11	28	94	111	16.415622
11	29	94	112	11.773009
11	30	94	113	15.857756
11	31	94	114	12.634099
11	32	94	115	10.956891
11	33	94	116	8.797064
11	34	94	117	6.045941
11	35	94	118	5.454713
11	36	94	119	7.350378
11	37	94	120	7.725609
11	38	94	121	11.961807
11	39	94	122	12.369963
11	40	94	123	16.846429
11	41	94	124	18.849800
11	42	94	125	22.103852
11	43	94	126	24.801295
11	44	94	127	25.034555
11	45	94	128	24.209920
11	46	94	129	23.399430
11	47	94	130	20.849763
11	48	94	131	19.249618
11	49	94	132	19.401408
11	50	94	133	17.910802
11	51	94	134	13.416789
11	52	94	135	14.616507
11	53	94	136	15.650216
11	54	94	137	12.647903
11	55	94	138	10.160632
11	56	94	139	11.695521
11	57	94	140	10.496119
11	58	94	141	6.177780
11	59	94	142	6.352972
11	60	94	144	10.309261
11	61	94	145	10.361366
11	62	94	146	14.219784
11	63	94	147	16.653050
11	64	94	148	19.426845
11	65	94	149	22.005107
11	66	94	150	25.184718
11	67	94	151	27.237867
11	68	94	152	30.148631
11	69	94	153	31.742490
11	70	94	154	34.855700
11	71	94	155	37.236951
11	72	94	156	40.484758
11	73	94	157	35.628769
11	74	94	158	42.649412
12	13	95	96	1.328312
12	14	95	97	3.121637
12	15	95	98	2.901082
12	16	95	99	3.221204
12	17	95	100	5.284804
12	18	95	101	6.981095
12	19	95	102	7.947968
12	20	95	103	7.671683
12	21	95	104	10.997425
12	22	95	105	12.313487
12	23	95	106	12.160769
12	24	95	107	14.324356
12	25	95	108	16.523346
12	26	95	109	18.442253
12	27	95	110	17.437091
12	28	95	111	16.461409
12	29	95	112	11.453738
12	30	95	113	16.750622
12	31	95	114	14.349898
12	32	95	115	11.673460
12	33	95	116	9.957978
12	34	95	117	7.122957
12	35	95	118	8.226221
12	36	95	119	9.644374
12	37	95	120	7.308366
12	38	95	121	14.114174
12	39	95	122	13.308635
12	40	95	123	17.855347
12	41	95	124	19.125407
12	42	95	125	22.463678
12	43	95	126	25.059432
12	44	95	127	25.497441
12	45	95	128	25.050712
12	46	95	129	23.606001
12	47	95	130	20.964799
12	48	95	131	20.158412
12	49	95	132	20.239358
12	50	95	133	17.909331
12	51	95	134	13.777205
12	52	95	135	15.827014
12	53	95	136	16.119967
12	54	95	137	12.612878
12	55	95	138	11.237492
12	56	95	139	13.722662
12	57	95	140	11.947304
12	58	95	141	7.856539
12	59	95	142	8.619953
12	60	95	144	13.703940
12	61	95	145	13.870302
12	62	95	146	17.676769
12	63	95	147	19.554916
12	64	95	148	22.343178
12	65	95	149	23.752676
12	66	95	150	27.288970
12	67	95	151	29.224550
12	68	95	152	31.759909
12	69	95	153	32.747351
12	70	95	154	35.801911
12	71	95	155	37.780832
12	72	95	156	40.800840
12	73	95	157	34.969391
12	74	95	158	42.227700
13	14	96	97	1.338068
13	15	96	98	3.310539
13	16	96	99	3.145084
13	17	96	100	2.897412
13	18	96	101	5.075428
13	19	96	102	6.940193
13	20	96	103	3.816902
13	21	96	104	8.497902
13	22	96	105	10.661934
13	23	96	106	11.434747
13	24	96	107	10.843072
13	25	96	108	13.429849
13	26	96	109	16.598951
13	27	96	110	16.471001
13	28	96	111	16.137733
13	29	96	112	11.591763
13	30	96	113	17.121848
13	31	96	114	15.394641
13	32	96	115	13.806405
13	33	96	116	12.908757
13	34	96	117	10.470037
13	35	96	118	10.836349
13	36	96	119	12.353631
13	37	96	120	8.518984
13	38	96	121	14.631230
13	39	96	122	12.688408
13	40	96	123	17.275334
13	41	96	124	17.210238
13	42	96	125	21.011023
13	43	96	126	23.254148
13	44	96	127	23.267599
13	45	96	128	22.545281
13	46	96	129	20.062214
13	47	96	130	18.390157
13	48	96	131	17.920657
13	49	96	132	17.094541
13	50	96	133	14.143362
13	51	96	134	12.048946
13	52	96	135	13.077537
13	53	96	136	11.631491
13	54	96	137	8.405342
13	55	96	138	8.860249
13	56	96	139	10.799555
13	57	96	140	7.705405
13	58	96	141	4.663737
13	59	96	142	7.471066
13	60	96	144	13.044037
13	61	96	145	14.906410
13	62	96	146	17.829516
13	63	96	147	18.433982
13	64	96	148	21.621206
13	65	96	149	21.821777
13	66	96	150	26.095041
13	67	96	151	27.781609
13	68	96	152	30.064943
13	69	96	153	31.228138
13	70	96	154	34.057045
13	71	96	155	35.920447
13	72	96	156	38.834553
13	73	96	157	32.279972
13	74	96	158	40.201983
14	15	97	98	1.335993
14	16	97	99	3.378088
14	17	97	100	3.341581
14	18	97	101	2.901250
14	19	97	102	4.999863
14	20	97	103	6.881308
14	21	97	104	7.625322
14	22	97	105	8.496736
14	23	97	106	10.798598
14	24	97	107	11.449355
14	25	97	108	12.325812
14	26	97	109	14.879212
14	27	97	110	14.176038
14	28	97	111	13.437474
14	29	97	112	9.101210
14	30	97	113	14.185016
14	31	97	114	12.410649
14	32	97	115	11.662666
14	33	97	116	10.900293
14	34	97	117	9.537582
14	35	97	118	8.404620
14	36	97	119	9.653853
14	37	97	120	5.966227
14	38	97	121	11.290710
14	39	97	122	9.435502
14	40	97	123	14.105374
14	41	97	124	14.564639
14	42	97	125	18.241381
14	43	97	126	20.652024
14	44	97	127	20.784772
14	45	97	128	20.201619
14	46	97	129	18.882720
14	47	97	130	16.267866
14	48	97	131	15.288605
14	49	97	132	15.415038
14	50	97	133	13.262050
14	51	97	134	9.165854
14	52	97	135	11.073686
14	53	97	136	11.750256
14	54	97	137	8.384005
14	55	97	138	6.418131
14	56	97	139	9.217008
14	57	97	140	8.263096
14	58	97	141	4.073333
14	59	97	142	4.581826
14	60	97	144	10.080944
14	61	97	145	11.926525
14	62	97	146	14.370543
14	63	97	147	15.058598
14	64	97	148	18.083672
14	65	97	149	18.881353
14	66	97	150	22.758817
14	67	97	151	24.557777
14	68	97	152	27.023873
14	69	97	153	28.315883
14	70	97	154	31.234501
14	71	97	155	33.297634
14	72	97	156	36.357714
14	73	97	157	30.798681
14	74	97	158	38.108644
15	16	98	99	1.331089
15	17	98	100	3.306862
15	18	98	101	3.358690
15	19	98	102	2.963784
15	20	98	103	4.952915
15	21	98	104	6.828480
15	22	98	105	7.343701
15	23	98	106	8.100775
15	24	98	107	10.885172
15	25	98	108	12.372378
15	26	98	109	13.609409
15	27	98	110	12.356473
15	28	98	111	11.526205
15	29	98	112	6.712559
15	30	98	113	10.690327
15	31	98	114	6.995306
15	32	98	115	3.738387
15	33	98	116	2.858272
15	34	98	117	3.372775
15	35	98	118	3.421132
15	36	98	119	3.298940
15	37	98	120	3.533021
15	38	98	121	7.457067
15	39	98	122	8.722038
15	40	98	123	13.116263
15	41	98	124	14.554499
15	42	98	125	17.558519
15	43	98	126	20.264568
15	44	98	127	21.148081
15	45	98	128	21.122935
15	46	98	129	19.835777
15	47	98	130	16.882610
15	48	98	131	16.333825
15	49	98	132	17.031502
15	50	98	133	14.663952
15	51	98	134	9.397326
15	52	98	135	13.264571
15	53	98	136	13.956012
15	54	98	137	10.594716
15	55	98	138	8.135478
15	56	98	139	11.284052
15	57	98	140	10.420167
15	58	98	141	6.162636
15	59	98	142	6.001651
15	60	98	144	11.287005
15	61	98	145	10.135917
15	62	98	146	13.365217
15	63	98	147	15.850380
15	64	98	148	17.388486
15	65	98	149	20.076332
15	66	98	150	22.854612
15	67	98	151	25.058021
15	68	98	152	27.458504
15	69	98	153	27.964295
15	70	98	154	31.108567
15	71	98	155	32.992620
15	72	98	156	35.997216
15	73	98	157	30.281998
15	74	98	158	37.345187
16	17	99	100	1.313635
16	18	99	101	3.349357
16	19	99	102	3.430165
16	20	99	103	2.915131
16	21	99	104	4.881283
16	22	99	105	6.762544
16	23	99	106	6.636539
16	24	99	107	8.118320
16	25	99	108	10.846778
16	26	99	109	12.332783
16	27	99	110	12.122232
16	28	99	111	12.432956
16	29	99	112	8.299584
16	30	99	113	14.122155
16	31	99	114	12.770075
16	32	99	115	10.818178
16	33	99	116	10.791803
16	34	99	117	9.682036
16	35	99	118	9.902873
16	36	99	119	10.591040
16	37	99	120	5.468747
16	38	99	121	12.472429
16	39	99	122	10.171610
16	40	99	123	14.265012
16	41	99	124	14.281680
16	42	99	125	17.554618
16	43	99	126	19.896960
16	44	99	127	20.597396
16	45	99	128	20.701278
16	46	99	129	18.895660
16	47	99	130	16.083225
16	48	99	131	16.149539
16	49	99	132	16.586087
16	50	99	133	13.677131
16	51	99	134	9.380697
16	52	99	135	13.280360
16	53	99	136	13.412925
16	54	99	137	9.544621
16	55	99	138	8.044861
16	56	99	139	11.898235
16	57	99	140	11.817325
16	58	99	141	6.964770
16	59	99	142	8.181743
16	60	99	144	13.542201
16	61	99	145	14.672139
16	62	99	146	17.205667
16	63	99	147	17.902372
16	64	99	148	20.438986
16	65	99	149	20.399353
16	66	99	150	24.002115
16	67	99	151	25.712296
16	68	99	152	27.740543
16	69	99	153	28.037017
16	70	99	154	30.994406
16	71	99	155	32.584191
16	72	99	156	35.245371
16	73	99	157	28.970016
16	74	99	158	36.301191
17	18	100	101	1.328426
17	19	100	102	3.359455
17	20	100	103	2.704428
17	21	100	104	2.871737
17	22	100	105	4.755608
17	23	100	106	6.780095
17	24	100	107	6.594995
17	25	100	108	7.951344
17	26	100	109	10.599472
17	27	100	110	10.815477
17	28	100	111	11.536179
17	29	100	112	8.461521
17	30	100	113	13.730216
17	31	100	114	13.250028
17	32	100	115	12.923442
17	33	100	116	13.057240
17	34	100	117	12.197069
17	35	100	118	11.548120
17	36	100	119	11.701820
17	37	100	120	6.929172
17	38	100	121	12.088014
17	39	100	122	8.594032
17	40	100	123	12.640131
17	41	100	124	11.421558
17	42	100	125	15.259067
17	43	100	126	17.311454
17	44	100	127	17.510084
17	45	100	128	17.369916
17	46	100	129	15.543672
17	47	100	130	12.835341
17	48	100	131	12.795435
17	49	100	132	13.081425
17	50	100	133	10.198008
17	51	100	134	6.405632
17	52	100	135	9.919282
17	53	100	136	8.523723
17	54	100	137	4.783259
17	55	100	138	4.754384
17	56	100	139	8.452289
17	57	100	140	7.837567
17	58	100	141	3.643377
17	59	100	142	6.511690
17	60	100	144	11.224648
17	61	100	145	13.850987
17	62	100	146	15.238996
17	63	100	147	15.171164
17	64	100	148	17.996760
17	65	100	149	17.129512
17	66	100	150	21.303376
17	67	100	151	22.823811
17	68	100	152	24.765597
17	69	100	153	25.504304
17	70	100	154	28.273943
17	71	100	155	29.958010
17	72	100	156	32.793350
17	73	100	157	26.553184
17	74	100	158	34.053303
18	19	101	102	1.338225
18	20	101	103	3.382909
18	21	101	104	3.332029
18	22	101	105	2.854489
18	23	101	106	4.988263
18	24	101	107	6.882071
18	25	101	108	7.678954
18	26	101	109	8.931875
18	27	101	110	8.278297
18	28	101	111	8.363249
18	29	101	112	5.436332
18	30	101	113	9.725658
18	31	101	114	8.914182
18	32	101	115	9.972892
18	33	101	116	10.351357
18	34	101	117	10.746729
18	35	101	118	8.375336
18	36	101	119	7.653613
18	37	101	120	3.764882
18	38	101	121	7.292780
18	39	101	122	4.365435
18	40	101	123	9.021345
18	41	101	124	9.636580
18	42	101	125	12.807385
18	43	101	126	15.318769
18	44	101	127	16.232605
18	45	101	128	16.480840
18	46	101	129	15.211218
18	47	101	130	12.093114
18	48	101	131	11.874858
18	49	101	132	12.972069
18	50	101	133	10.655627
18	51	101	134	4.848901
18	52	101	135	8.854549
18	53	101	136	10.234617
18	54	101	137	7.257369
18	55	101	138	4.286110
18	56	101	139	7.518900
18	57	101	140	8.825238
18	58	101	141	5.264128
18	59	101	142	3.667532
18	60	101	144	7.892156
18	61	101	145	9.817625
18	62	101	146	10.867602
18	63	101	147	11.694259
18	64	101	148	13.940605
18	65	101	149	15.256365
18	66	101	150	18.166033
18	67	101	151	20.115820
18	68	101	152	22.625138
18	69	101	153	23.242149
18	70	101	154	26.278236
18	71	101	155	28.059790
18	72	101	156	31.018097
18	73	101	157	25.297015
18	74	101	158	32.405904
19	20	102	103	1.325036
19	21	102	104	3.270351
19	22	102	105	3.241498
19	23	102	106	2.713074
19	24	102	107	5.156092
19	25	102	108	7.100369
19	26	102	109	7.853205
19	27	102	110	7.014425
19	28	102	111	7.314422
19	29	102	112	3.744655
19	30	102	113	9.165133
19	31	102	114	9.421649
19	32	102	115	8.048074
19	33	102	116	10.787840
19	34	102	117	11.485314
19	35	102	118	10.610759
19	36	102	119	9.687271
19	37	102	120	4.344755
19	38	102	121	9.376894
19	39	102	122	6.790389
19	40	102	123	10.066180
19	41	102	124	10.275823
19	42	102	125	13.256029
19	43	102	126	15.758770
19	44	102	127	17.261795
19	45	102	128	18.054213
19	46	102	129	16.550858
19	47	102	130	13.292629
19	48	102	131	13.924792
19	49	102	132	15.073865
19	50	102	133	12.522656
19	51	102	134	6.883258
19	52	102	135	11.941788
19	53	102	136	12.768288
19	54	102	137	9.014363
19	55	102	138	6.752624
19	56	102	139	11.233952
19	57	102	140	12.623779
19	58	102	141	8.224061
19	59	102	142	8.145865
19	60	102	144	11.944112
19	61	102	145	13.733808
19	62	102	146	14.498610
19	63	102	147	15.235661
19	64	102	148	17.330724
19	65	102	149	18.013607
19	66	102	150	20.743289
19	67	102	151	22.472614
19	68	102	152	24.287266
19	69	102	153	23.800415
19	70	102	154	26.898670
19	71	102	155	28.329587
19	72	102	156	30.824239
19	73	102	157	24.852459
19	74	102	158	31.841904
20	21	103	104	1.331808
20	22	103	105	3.232468
20	23	103	106	3.199057
20	24	103	107	2.913693
20	25	103	108	5.150769
20	26	103	109	6.808308
20	27	103	110	7.835958
20	28	103	111	9.561033
20	29	103	112	6.982341
20	30	103	113	12.540873
20	31	103	114	12.814582
20	32	103	115	12.330130
20	33	103	116	13.760930
20	34	103	117	14.074414
20	35	103	118	13.469908
20	36	103	119	12.534527
20	37	103	120	7.037770
20	38	103	121	11.921581
20	39	103	122	8.743074
20	40	103	123	11.219776
20	41	103	124	9.970073
20	42	103	125	13.210136
20	43	103	126	15.197725
20	44	103	127	16.138744
20	45	103	128	16.895215
20	46	103	129	14.818739
20	47	103	130	11.390067
20	48	103	131	13.122825
20	49	103	132	13.946213
20	50	103	133	10.805485
20	51	103	134	6.576397
20	52	103	135	11.389802
20	53	103	136	11.880718
20	54	103	137	7.515958
20	55	103	138	7.370528
20	56	103	139	11.997198
20	57	103	140	11.912676
20	58	103	141	7.595660
20	59	103	142	10.300393
20	60	103	144	13.915910
20	61	103	145	16.274708
20	62	103	146	16.799359
20	63	103	147	16.878984
20	64	103	148	18.518254
20	65	103	149	17.731007
20	66	103	150	21.224308
20	67	103	151	22.587259
20	68	103	152	23.924220
20	69	103	153	23.611639
20	70	103	154	26.372351
20	71	103	155	27.552994
20	72	103	156	29.788592
20	73	103	157	23.205901
20	74	103	158	30.597047
21	22	104	105	1.333900
21	23	104	106	3.284947
21	24	104	107	3.278261
21	25	104	108	2.970622
21	26	104	109	4.873645
21	27	104	110	5.680610
21	28	104	111	7.859169
21	29	104	112	8.091565
21	30	104	113	12.112855
21	31	104	114	13.454689
21	32	104	115	13.969516
21	33	104	116	15.462646
21	34	104	117	15.886596
21	35	104	118	14.524172
21	36	104	119	13.560062
21	37	104	120	8.624886
21	38	104	121	11.117358
21	39	104	122	7.046637
21	40	104	123	8.708679
21	41	104	124	6.738592
21	42	104	125	10.111866
21	43	104	126	11.948888
21	44	104	127	12.673440
21	45	104	128	13.401612
21	46	104	129	11.587233
21	47	104	130	8.378628
21	48	104	131	9.668493
21	49	104	132	9.944963
21	50	104	133	6.720894
21	51	104	134	3.784505
21	52	104	135	7.454029
21	53	104	136	6.749756
21	54	104	137	2.994233
21	55	104	138	3.717724
21	56	104	139	7.251691
21	57	104	140	8.746732
21	58	104	141	6.495833
21	59	104	142	8.568452
21	60	104	144	10.334271
21	61	104	145	14.445717
21	62	104	146	14.650763
21	63	104	147	13.956396
21	64	104	148	15.473599
21	65	104	149	14.235051
21	66	104	150	17.818751
21	67	104	151	19.071432
21	68	104	152	20.415164
21	69	104	153	20.388712
21	70	104	154	23.087075
21	71	104	155	24.455974
21	72	104	156	27.034739
21	73	104	157	20.731202
21	74	104	158	28.151373
22	23	105	106	1.336979
22	24	105	107	3.345891
22	25	105	108	3.495358
22	26	105	109	3.129655
22	27	105	110	2.940348
22	28	105	111	3.530654
22	29	105	112	4.316957
22	30	105	113	7.358402
22	31	105	114	9.361618
22	32	105	115	10.247078
22	33	105	116	12.618852
22	34	105	117	14.046757
22	35	105	118	12.137128
22	36	105	119	10.060862
22	37	105	120	6.060096
22	38	105	121	7.021644
22	39	105	122	3.494541
22	40	105	123	5.311998
22	41	105	124	5.716601
22	42	105	125	8.752161
22	43	105	126	11.002397
22	44	105	127	12.963624
22	45	105	128	14.373796
22	46	105	129	13.119259
22	47	105	130	9.142567
22	48	105	131	10.461137
22	49	105	132	12.090549
22	50	105	133	9.482835
22	51	105	134	3.715650
22	52	105	135	9.272181
22	53	105	136	10.956663
22	54	105	137	6.605523
22	55	105	138	6.276743
22	56	105	139	10.944806
22	57	105	140	13.084606
22	58	105	141	10.221519
22	59	105	142	9.626607
22	60	105	144	10.733390
22	61	105	145	12.730345
22	62	105	146	11.990797
22	63	105	147	12.461880
22	64	105	148	13.396172
22	65	105	149	14.304339
22	66	105	150	16.410687
22	67	105	151	18.282837
22	68	105	152	19.985109
22	69	105	153	19.130019
22	70	105	154	22.148352
22	71	105	155	23.419619
22	72	105	156	25.839591
22	73	105	157	20.004109
22	74	105	158	26.901932
23	24	106	107	1.335213
23	25	106	108	3.288053
23	26	106	109	3.073313
23	27	106	110	4.920074
23	28	106	111	6.472852
23	29	106	112	7.012008
23	30	106	113	10.868226
23	31	106	114	12.788026
23	32	106	115	11.901655
23	33	106	116	14.830301
23	34	106	117	15.708746
23	35	106	118	15.967324
23	36	106	119	13.987960
23	37	106	120	8.500565
23	38	106	121	10.712292
23	39	106	122	7.366848
23	40	106	123	8.424814
23	41	106	124	7.769236
23	42	106	125	10.086704
23	43	106	126	12.258183
23	44	106	127	13.858125
23	45	106	128	15.915684
23	46	106	129	14.135130
23	47	106	130	9.415363
23	48	106	131	12.306611
23	49	106	132	14.156698
23	50	106	133	11.552353
23	51	106	134	6.197322
23	52	106	135	11.605821
23	53	106	136	13.448602
23	54	106	137	9.021843
23	55	106	138	9.064601
23	56	106	139	13.726623
23	57	106	140	15.840554
23	58	106	141	12.671869
23	59	106	142	13.025299
23	60	106	144	14.637579
23	61	106	145	17.159982
23	62	106	146	16.317539
23	63	106	147	16.376999
23	64	106	148	16.703574
23	65	106	149	16.814086
23	66	106	150	19.229283
23	67	106	151	20.771070
23	68	106	152	21.608075
23	69	106	153	20.405925
23	70	106	154	23.182130
23	71	106	155	23.955883
23	72	106	156	25.719776
23	73	106	157	19.277692
23	74	106	158	26.288569
24	25	107	108	1.338043
24	26	107	109	3.201440
24	27	107	110	5.704635
24	28	107	111	8.496562
24	29	107	112	9.857919
24	30	107	113	13.545045
24	31	107	114	15.597566
24	32	107	115	15.611089
24	33	107	116	18.496642
24	34	107	117	19.517109
24	35	107	118	18.319977
24	36	107	119	16.603648
24	37	107	120	11.890507
24	38	107	121	13.311065
24	39	107	122	9.354346
24	40	107	123	9.959619
24	41	107	124	7.071879
24	42	107	125	9.154036
24	43	107	126	10.729327
24	44	107	127	11.856051
24	45	107	128	13.744858
24	46	107	129	11.507965
24	47	107	130	6.631725
24	48	107	131	10.633473
24	49	107	132	12.023977
24	50	107	133	8.911411
24	51	107	134	6.959873
24	52	107	135	10.888444
24	53	107	136	11.384364
24	54	107	137	7.430654
24	55	107	138	9.039493
24	56	107	139	12.873632
24	57	107	140	14.338008
24	58	107	141	11.410674
24	59	107	142	13.713801
24	60	107	144	15.335061
24	61	107	145	18.889831
24	62	107	146	18.060510
24	63	107	147	17.299769
24	64	107	148	17.444650
24	65	107	149	15.653716
24	66	107	150	18.574032
24	67	107	151	19.723934
24	68	107	152	20.149437
24	69	107	153	19.450827
24	70	107	154	21.794201
24	71	107	155	22.444550
24	72	107	156	24.170690
24	73	107	157	17.197323
24	74	107	158	24.721357
25	26	108	109	1.333964
25	27	108	110	3.290390
25	28	108	111	6.863130
25	29	108	112	9.957776
25	30	108	113	12.554885
25	31	108	114	15.443048
25	32	108	115	16.607719
25	33	108	116	19.234184
25	34	108	117	20.610379
25	35	108	118	18.256711
25	36	108	119	16.536965
25	37	108	120	12.766197
25	38	108	121	12.157921
25	39	108	122	7.254326
25	40	108	123	6.917178
25	41	108	124	3.295688
25	42	108	125	4.988023
25	43	108	126	7.023216
25	44	108	127	8.012052
25	45	108	128	8.375907
25	46	108	129	5.852535
25	47	108	130	3.462818
25	48	108	131	5.648262
25	49	108	132	6.188080
25	50	108	133	3.618548
25	51	108	134	3.383507
25	52	108	135	5.978803
25	53	108	136	6.943053
25	54	108	137	3.960392
25	55	108	138	7.064484
25	56	108	139	9.788448
25	57	108	140	11.901208
25	58	108	141	11.511023
25	59	108	142	12.675589
25	60	108	144	11.520623
25	61	108	145	16.373036
25	62	108	146	15.013144
25	63	108	147	13.354414
25	64	108	148	13.957450
25	65	108	149	10.564403
25	66	108	150	14.415599
25	67	108	151	15.675338
25	68	108	152	16.351831
25	69	108	153	15.444181
25	70	108	154	18.096883
25	71	108	155	19.101454
25	72	108	156	21.396290
25	73	108	157	15.362833
25	74	108	158	22.471827
26	27	109	110	1.320805
26	28	109	111	4.464631
26	29	109	112	7.791535
26	30	109	113	9.831054
26	31	109	114	13.355810
26	32	109	115	14.805064
26	33	109	116	18.292171
26	34	109	117	20.906177
26	35	109	118	19.253627
26	36	109	119	16.518943
26	37	109	120	13.072296
26	38	109	121	10.909952
26	39	109	122	7.140895
26	40	109	123	5.186110
26	41	109	124	4.173762
26	42	109	125	5.538282
26	43	109	126	7.449692
26	44	109	127	8.765169
26	45	109	128	12.346738
26	46	109	129	11.862792
26	47	109	130	7.084165
26	48	109	131	8.753429
26	49	109	132	12.077912
26	50	109	133	10.472816
26	51	109	134	7.059110
26	52	109	135	11.194515
26	53	109	136	13.369321
26	54	109	137	9.926562
26	55	109	138	11.296537
26	56	109	139	15.234288
26	57	109	140	17.650810
26	58	109	141	15.919578
26	59	109	142	16.140195
26	60	109	144	15.737680
26	61	109	145	18.534958
26	62	109	146	16.190649
26	63	109	147	15.398651
26	64	109	148	13.961548
26	65	109	149	14.226935
26	66	109	150	14.235278
26	67	109	151	15.901297
26	68	109	152	16.206027
26	69	109	153	14.284380
26	70	109	154	16.231478
26	71	109	155	16.122908
26	72	109	156	17.221507
26	73	109	157	10.873115
26	74	109	158	17.534823
27	28	110	111	1.322178
27	29	110	112	4.584237
27	30	110	113	7.272770
27	31	110	114	10.149200
27	32	110	115	11.680993
27	33	110	116	15.190174
27	34	110	117	18.119452
27	35	110	118	16.670867
27	36	110	119	13.637513
27	37	110	120	10.324369
27	38	110	121	7.877366
27	39	110	122	4.842312
27	40	110	123	3.233022
27	41	110	124	3.819492
27	42	110	125	5.651558
27	43	110	126	8.558491
27	44	110	127	11.172641
27	45	110	128	13.341048
27	46	110	129	12.656969
27	47	110	130	8.134589
27	48	110	131	8.575272
27	49	110	132	12.105052
27	50	110	133	11.180372
27	51	110	134	6.663833
27	52	110	135	10.977519
27	53	110	136	13.580661
27	54	110	137	10.558429
27	55	110	138	11.139591
27	56	110	139	14.984217
27	57	110	140	17.589269
27	58	110	141	15.964152
27	59	110	142	15.061332
27	60	110	144	14.388713
27	61	110	145	16.389325
27	62	110	146	13.994794
27	63	110	147	13.624330
27	64	110	148	12.403942
27	65	110	149	13.070870
27	66	110	150	14.040463
27	67	110	151	15.957895
27	68	110	152	17.356751
27	69	110	153	16.050628
27	70	110	154	19.348865
27	71	110	155	20.805288
27	72	110	156	23.323353
27	73	110	157	18.002497
27	74	110	158	24.512592
28	29	111	112	1.304788
28	30	111	113	3.613159
28	31	111	114	6.250521
28	32	111	115	8.372407
28	33	111	116	11.816809
28	34	111	117	14.979606
28	35	111	118	13.961762
28	36	111	119	10.439421
28	37	111	120	7.563970
28	38	111	121	4.019740
28	39	111	122	3.528324
28	40	111	123	2.816704
28	41	111	124	5.194400
28	42	111	125	6.887008
28	43	111	126	10.213677
28	44	111	127	13.340175
28	45	111	128	15.133089
28	46	111	129	15.087281
28	47	111	130	10.987513
28	48	111	131	10.250260
28	49	111	132	13.822329
28	50	111	133	13.333150
28	51	111	134	7.643521
28	52	111	135	11.954094
28	53	111	136	14.995572
28	54	111	137	12.294336
28	55	111	138	11.205012
28	56	111	139	15.627612
28	57	111	140	18.131272
28	58	111	141	16.193266
28	59	111	142	14.157594
28	60	111	144	13.695578
28	61	111	145	14.203741
28	62	111	146	11.754572
28	63	111	147	12.767332
28	64	111	148	11.247629
28	65	111	149	13.336469
28	66	111	150	14.189312
28	67	111	151	16.418030
28	68	111	152	18.179158
28	69	111	153	15.369531
28	70	111	154	19.107981
28	71	111	155	19.487104
28	72	111	156	22.860322
28	73	111	157	19.618772
28	74	111	158	24.245593
29	30	112	113	1.324564
29	31	112	114	3.338712
29	32	112	115	3.824091
29	33	112	116	7.080182
29	34	112	117	10.105767
29	35	112	118	9.800198
29	36	112	119	6.051997
29	37	112	120	3.969116
29	38	112	121	3.411877
29	39	112	122	4.029204
29	40	112	123	4.966615
29	41	112	124	7.505558
29	42	112	125	10.022168
29	43	112	126	13.509771
29	44	112	127	16.512980
29	45	112	128	17.882035
29	46	112	129	17.913211
29	47	112	130	14.242816
29	48	112	131	13.205148
29	49	112	132	16.285655
29	50	112	133	14.942018
29	51	112	134	7.575775
29	52	112	135	12.547654
29	53	112	136	15.426654
29	54	112	137	12.237501
29	55	112	138	10.035923
29	56	112	139	14.261353
29	57	112	140	16.234124
29	58	112	141	12.664459
29	59	112	142	11.011079
29	60	112	144	12.937496
29	61	112	145	12.860210
29	62	112	146	12.348385
29	63	112	147	13.928096
29	64	112	148	13.133510
29	65	112	149	15.371163
29	66	112	150	16.483449
29	67	112	151	18.769786
29	68	112	152	21.012497
29	69	112	153	19.738098
29	70	112	154	23.408604
29	71	112	155	25.001688
29	72	112	156	28.131369
29	73	112	157	24.021781
29	74	112	158	29.656639
30	31	113	114	1.331774
30	32	113	115	4.652418
30	33	113	116	8.046412
30	34	113	117	11.635592
30	35	113	118	12.044087
30	36	113	119	8.038749
30	37	113	120	6.229888
30	38	113	121	2.817088
30	39	113	122	4.873106
30	40	113	123	3.907306
30	41	113	124	7.293466
30	42	113	125	9.852444
30	43	113	126	13.369069
30	44	113	127	16.654091
30	45	113	128	17.827341
30	46	113	129	19.105837
30	47	113	130	15.780050
30	48	113	131	12.868197
30	49	113	132	16.795098
30	50	113	133	17.378738
30	51	113	134	10.364272
30	52	113	135	13.520087
30	53	113	136	17.855778
30	54	113	137	15.733620
30	55	113	138	12.777229
30	56	113	139	17.311222
30	57	113	140	19.608333
30	58	113	141	17.355410
30	59	113	142	14.727669
30	60	113	144	13.991108
30	61	113	145	13.234833
30	62	113	146	10.568630
30	63	113	147	11.245904
30	64	113	148	9.352389
30	65	113	149	11.402221
30	66	113	150	12.421797
30	67	113	151	15.126694
30	68	113	152	17.925164
30	69	113	153	16.810685
30	70	113	154	20.834784
30	71	113	155	22.996222
30	72	113	156	26.646622
30	73	113	157	24.062444
30	74	113	158	28.686451
31	32	114	115	1.317708
31	33	114	116	4.447526
31	34	114	117	8.051149
31	35	114	118	8.079258
31	36	114	119	4.049864
31	37	114	120	3.498987
31	38	114	121	2.987645
31	39	114	122	5.681927
31	40	114	123	7.156237
31	41	114	124	10.494013
31	42	114	125	13.680894
31	43	114	126	17.243321
31	44	114	127	20.048637
31	45	114	128	20.946956
31	46	114	129	21.685485
31	47	114	130	18.457926
31	48	114	131	16.299196
31	49	114	132	19.294820
31	50	114	133	18.698119
31	51	114	134	11.327570
31	52	114	135	14.279367
31	53	114	136	18.324466
31	54	114	137	16.353260
31	55	114	138	12.304911
31	56	114	139	16.617032
31	57	114	140	18.501337
31	58	114	141	15.859150
31	59	114	142	12.759800
31	60	114	144	12.867124
31	61	114	145	9.981864
31	62	114	146	10.279429
31	63	114	147	12.628625
31	64	114	148	12.411323
31	65	114	149	15.071769
31	66	114	150	16.991310
31	67	114	151	19.691732
31	68	114	152	22.595378
31	69	114	153	21.858496
31	70	114	154	25.705991
31	71	114	155	27.710871
31	72	114	156	31.319381
31	73	114	157	28.450742
31	74	114	158	33.437875
32	33	115	116	1.309897
32	34	115	117	4.597587
32	35	115	118	6.166981
32	36	115	119	3.467648
32	37	115	120	3.734037
32	38	115	121	5.076482
32	39	115	122	7.892966
32	40	115	123	10.115895
32	41	115	124	13.523882
32	42	115	125	16.790915
32	43	115	126	20.338876
32	44	115	127	22.832388
32	45	115	128	23.430133
32	46	115	129	23.847162
32	47	115	130	20.504611
32	48	115	131	19.007828
32	49	115	132	21.537613
32	50	115	133	20.549583
32	51	115	134	13.119791
32	52	115	135	16.446893
32	53	115	136	20.396365
32	54	115	137	17.772736
32	55	115	138	14.097104
32	56	115	139	18.175394
32	57	115	140	19.475083
32	58	115	141	15.658771
32	59	115	142	13.310963
32	60	115	144	14.398869
32	61	115	145	11.942067
32	62	115	146	12.917601
32	63	115	147	15.015101
32	64	115	148	15.287641
32	65	115	149	17.832710
32	66	115	150	19.867658
32	67	115	151	22.580257
32	68	115	152	25.636477
32	69	115	153	25.215490
32	70	115	154	29.070772
32	71	115	155	31.224243
32	72	115	156	34.758371
32	73	115	157	31.182163
32	74	115	158	36.620090
33	34	116	117	1.364250
33	35	116	118	2.945340
33	36	116	119	2.935551
33	37	116	120	5.062861
33	38	116	121	6.553251
33	39	116	122	9.833903
33	40	116	123	12.664603
33	41	116	124	16.026737
33	42	116	125	19.403081
33	43	116	126	22.866446
33	44	116	127	24.883825
33	45	116	128	25.107685
33	46	116	129	25.437862
33	47	116	130	22.293916
33	48	116	131	20.743400
33	49	116	132	22.542802
33	50	116	133	21.460953
33	51	116	134	14.619524
33	52	116	135	17.272972
33	53	116	136	20.712151
33	54	116	137	18.424588
33	55	116	138	14.163873
33	56	116	139	17.567624
33	57	116	140	18.158241
33	58	116	141	14.175701
33	59	116	142	12.057582
33	60	116	144	12.926677
33	61	116	145	9.445370
33	62	116	146	12.594622
33	63	116	147	15.247194
33	64	116	148	16.396250
33	65	116	149	19.427086
33	66	116	150	22.032118
33	67	116	151	24.741034
33	68	116	152	27.933166
33	69	116	153	27.989633
33	70	116	154	31.808908
33	71	116	155	34.264314
33	72	116	156	37.640120
33	73	116	157	34.302685
33	74	116	158	39.847291
34	35	117	118	1.337142
34	36	117	119	3.840683
34	37	117	120	6.795450
34	38	117	121	9.707672
34	39	117	122	12.924557
34	40	117	123	15.965558
34	41	117	124	19.262462
34	42	117	125	22.620260
34	43	117	126	25.951941
34	44	117	127	27.322737
34	45	117	128	27.067507
34	46	117	129	26.774033
34	47	117	130	23.814403
34	48	117	131	22.255369
34	49	117	132	23.265205
34	50	117	133	21.983504
34	51	117	134	15.810879
34	52	117	135	18.529070
34	53	117	136	20.792776
34	54	117	137	18.067148
34	55	117	138	14.632041
34	56	117	139	17.025922
34	57	117	140	16.926662
34	58	117	141	12.620954
34	59	117	142	11.316034
34	60	117	144	13.844036
34	61	117	145	11.170197
34	62	117	146	14.958656
34	63	117	147	17.807496
34	64	117	148	19.577659
34	65	117	149	22.671202
34	66	117	150	25.276743
34	67	117	151	27.898703
34	68	117	152	31.133081
34	69	117	153	31.454118
34	70	117	154	35.212138
34	71	117	155	37.678282
34	72	117	156	41.049996
34	73	117	157	37.290004
34	74	117	158	43.201917
35	36	118	119	1.337536
35	37	118	120	4.478728
35	38	118	121	7.918219
35	39	118	122	10.408867
35	40	118	123	14.073713
35	41	118	124	16.874127
35	42	118	125	20.189097
35	43	118	126	23.209010
35	44	118	127	23.990670
35	45	118	128	23.381969
35	46	118	129	23.359108
35	47	118	130	20.605435
35	48	118	131	18.612218
35	49	118	132	19.526445
35	50	118	133	18.745035
35	51	118	134	12.927131
35	52	118	135	14.477126
35	53	118	136	17.376552
35	54	118	137	15.286495
35	55	118	138	11.012844
35	56	118	139	13.193793
35	57	118	140	13.797862
35	58	118	141	10.066152
35	59	118	142	7.993002
35	60	118	144	9.348110
35	61	118	145	6.931202
35	62	118	146	10.867530
35	63	118	147	13.862087
35	64	118	148	16.017544
35	65	118	149	19.245673
35	66	118	150	22.159726
35	67	118	151	24.514897
35	68	118	152	27.743766
35	69	118	153	29.072983
35	70	118	154	32.517352
35	71	118	155	35.140134
35	72	118	156	38.554888
35	73	118	157	34.749834
35	74	118	158	41.125505
36	37	119	120	1.329548
36	38	119	121	4.411263
36	39	119	122	7.452919
36	40	119	123	10.801302
36	41	119	124	13.891730
36	42	119	125	17.300525
36	43	119	126	20.551105
36	44	119	127	21.958342
36	45	119	128	21.818371
36	46	119	129	22.053819
36	47	119	130	19.053629
36	48	119	131	17.266616
36	49	119	132	18.821204
36	50	119	133	18.104517
36	51	119	134	11.342558
36	52	119	135	13.260475
36	53	119	136	17.103843
36	54	119	137	15.433602
36	55	119	138	10.655838
36	56	119	139	13.364342
36	57	119	140	14.869773
36	58	119	141	11.917722
36	59	119	142	9.235042
36	60	119	144	7.698230
36	61	119	145	4.101719
36	62	119	146	7.745432
36	63	119	147	10.851453
36	64	119	148	13.101552
36	65	119	149	16.479769
36	66	119	150	19.612488
36	67	119	151	22.032261
36	68	119	152	25.416701
36	69	119	153	26.157815
36	70	119	154	29.755035
36	71	119	155	32.305124
36	72	119	156	35.715597
36	73	119	157	32.168226
36	74	119	158	38.169581
37	38	120	121	1.311989
37	39	120	122	3.982524
37	40	120	123	7.407272
37	41	120	124	10.378468
37	42	120	125	13.808035
37	43	120	126	16.936651
37	44	120	127	18.208292
37	45	120	128	18.060623
37	46	120	129	18.552604
37	47	120	130	15.601129
37	48	120	131	13.671892
37	49	120	132	15.507014
37	50	120	133	15.017613
37	51	120	134	8.177678
37	52	120	135	10.039462
37	53	120	136	14.180241
37	54	120	137	11.867158
37	55	120	138	8.084030
37	56	120	139	12.197997
37	57	120	140	13.770089
37	58	120	141	10.094895
37	59	120	142	7.799615
37	60	120	144	8.012659
37	61	120	145	6.938592
37	62	120	146	7.139169
37	63	120	147	9.416506
37	64	120	148	10.472462
37	65	120	149	13.358202
37	66	120	150	15.911216
37	67	120	151	18.372724
37	68	120	152	21.527026
37	69	120	153	22.455509
37	70	120	154	25.973921
37	71	120	155	28.585126
37	72	120	156	32.023308
37	73	120	157	28.710735
37	74	120	158	34.708834
38	39	121	122	1.329933
38	40	121	123	4.151507
38	41	121	124	7.418439
38	42	121	125	10.889945
38	43	121	126	14.268898
38	44	121	127	16.333107
38	45	121	128	16.825737
38	46	121	129	17.535700
38	47	121	130	14.403896
38	48	121	131	12.433465
38	49	121	132	15.018648
38	50	121	133	14.928660
38	51	121	134	7.951486
38	52	121	135	10.384172
38	53	121	136	14.743882
38	54	121	137	13.370533
38	55	121	138	9.455444
38	56	121	139	13.932539
38	57	121	140	16.056248
38	58	121	141	14.084206
38	59	121	142	10.784289
38	60	121	144	9.947785
38	61	121	145	8.018326
38	62	121	146	6.959841
38	63	121	147	8.535425
38	64	121	148	8.148431
38	65	121	149	10.516270
38	66	121	150	12.657041
38	67	121	151	15.379703
38	68	121	152	18.600248
38	69	121	153	18.727046
38	70	121	154	22.658971
38	71	121	155	25.370556
38	72	121	156	28.873088
38	73	121	157	25.931959
38	74	121	158	31.451321
39	40	122	123	1.320868
39	41	122	124	4.062719
39	42	122	125	7.409783
39	43	122	126	10.536195
39	44	122	127	12.353968
39	45	122	128	13.089527
39	46	122	129	13.223143
39	47	122	130	9.907980
39	48	122	131	8.732314
39	49	122	132	11.221873
39	50	122	133	10.691512
39	51	122	134	4.084735
39	52	122	135	8.020510
39	53	122	136	11.421536
39	54	122	137	9.498279
39	55	122	138	6.597606
39	56	122	139	11.109367
39	57	122	140	13.474332
39	58	122	141	11.677198
39	59	122	142	9.317105
39	60	122	144	9.250956
39	61	122	145	9.694795
39	62	122	146	7.278524
39	63	122	147	7.949560
39	64	122	148	6.775800
39	65	122	149	8.991818
39	66	122	150	10.490220
39	67	122	151	12.904067
39	68	122	152	15.709954
39	69	122	153	16.120762
39	70	122	154	19.575019
39	71	122	155	22.090916
39	72	122	156	25.518937
39	73	122	157	21.934349
39	74	122	158	28.242327
40	41	123	124	1.330937
40	42	123	125	4.421972
40	43	123	126	7.951110
40	44	123	127	10.917709
40	45	123	128	12.419940
40	46	123	129	13.126477
40	47	123	130	9.740425
40	48	123	131	7.519259
40	49	123	132	11.364369
40	50	123	133	12.172101
40	51	123	134	7.040457
40	52	123	135	9.878313
40	53	123	136	13.506734
40	54	123	137	12.072571
40	55	123	138	10.149637
40	56	123	139	14.481723
40	57	123	140	17.089877
40	58	123	141	16.121251
40	59	123	142	13.723734
40	60	123	144	11.755975
40	61	123	145	12.563321
40	62	123	146	9.506699
40	63	123	147	9.981874
40	64	123	148	7.812612
40	65	123	149	9.806151
40	66	123	150	10.028972
40	67	123	151	12.454323
40	68	123	152	14.545779
40	69	123	153	12.746393
40	70	123	154	16.621341
40	71	123	155	17.730646
40	72	123	156	21.475529
40	73	123	157	19.110104
40	74	123	158	23.390777
41	42	124	125	1.321840
41	43	124	126	4.445441
41	44	124	127	6.774694
41	45	124	128	7.745617
41	46	124	129	7.606524
41	47	124	130	4.313153
41	48	124	131	3.797450
41	49	124	132	6.246424
41	50	124	133	6.548231
41	51	124	134	3.388947
41	52	124	135	6.071174
41	53	124	136	8.757340
41	54	124	137	7.973033
41	55	124	138	8.821601
41	56	124	139	11.460605
41	57	124	140	14.261410
41	58	124	141	14.683817
41	59	124	142	13.808279
41	60	124	144	10.642059
41	61	124	145	14.019413
41	62	124	146	10.543799
41	63	124	147	9.118767
41	64	124	148	7.011827
41	65	124	149	7.034256
41	66	124	150	7.343916
41	67	124	151	9.208361
41	68	124	152	10.878300
41	69	124	153	10.532339
41	70	124	154	13.806574
41	71	124	155	16.056490
41	72	124	156	19.401481
41	73	124	157	16.153743
41	74	124	158	22.064477
42	43	125	126	1.316189
42	44	125	127	4.793151
42	45	125	128	7.389458
42	46	125	129	8.802176
42	47	125	130	4.872971
42	48	125	131	3.793513
42	49	125	132	9.011299
42	50	125	133	10.316711
42	51	125	134	8.343276
42	52	125	135	10.779671
42	53	125	136	13.484883
42	54	125	137	12.689886
42	55	125	138	12.968776
42	56	125	139	15.481453
42	57	125	140	18.973589
42	58	125	141	19.104610
42	59	125	142	17.742705
42	60	125	144	14.563934
42	61	125	145	16.944632
42	62	125	146	13.390519
42	63	125	147	11.289976
42	64	125	148	9.247065
42	65	125	149	9.084550
42	66	125	150	7.890097
42	67	125	151	9.405549
42	68	125	152	10.563260
42	69	125	153	8.663477
42	70	125	154	12.080840
42	71	125	155	13.678084
42	72	125	156	16.793414
42	73	125	157	12.761276
42	74	125	158	18.894769
43	44	126	127	1.320420
43	45	126	128	3.922512
43	46	126	129	6.072127
43	47	126	130	4.402474
43	48	126	131	3.576068
43	49	126	132	7.903482
43	50	126	133	9.516261
43	51	126	134	9.209128
43	52	126	135	11.407737
43	53	126	136	13.589060
43	54	126	137	13.672546
43	55	126	138	14.872227
43	56	126	139	15.190988
43	57	126	140	20.062123
43	58	126	141	20.894526
43	59	126	142	19.922633
43	60	126	144	15.921267
43	61	126	145	19.119326
43	62	126	146	15.550118
43	63	126	147	12.395919
43	64	126	148	10.731233
43	65	126	149	6.948694
43	66	126	150	7.317835
43	67	126	151	7.372826
43	68	126	152	7.325763
43	69	126	153	7.220028
43	70	126	154	9.482605
43	71	126	155	11.226977
43	72	126	156	14.318118
43	73	126	157	10.609352
43	74	126	158	17.125272
44	45	127	128	1.340080
44	46	127	129	3.173449
44	47	127	130	3.116326
44	48	127	131	3.110034
44	49	127	132	5.147006
44	50	127	133	6.883451
44	51	127	134	7.896821
44	52	127	135	9.458447
44	53	127	136	11.144795
44	54	127	137	12.539405
44	55	127	138	14.025069
44	56	127	139	12.527774
44	57	127	140	18.008808
44	58	127	141	19.663133
44	59	127	142	19.404686
44	60	127	144	14.354198
44	61	127	145	18.655328
44	62	127	146	15.578366
44	63	127	147	11.649779
44	64	127	148	11.362558
44	65	127	149	5.255445
44	66	127	150	9.028026
44	67	127	151	8.517346
44	68	127	152	7.470068
44	69	127	153	7.818135
44	70	127	154	10.038183
44	71	127	155	10.840537
44	72	127	156	13.075709
44	73	127	157	7.909300
44	74	127	158	15.197483
45	46	128	129	1.324094
45	47	128	130	3.314116
45	48	128	131	3.290415
45	49	128	132	2.896022
45	50	128	133	4.991425
45	51	128	134	6.927211
45	52	128	135	7.451731
45	53	128	136	9.018167
45	54	128	137	10.924461
45	55	128	138	12.762728
45	56	128	139	9.639315
45	57	128	140	15.918337
45	58	128	141	17.897496
45	59	128	142	17.690768
45	60	128	144	12.410380
45	61	128	145	17.184062
45	62	128	146	14.554801
45	63	128	147	10.327883
45	64	128	148	11.210905
45	65	128	149	3.305417
45	66	128	150	8.013575
45	67	128	151	6.025912
45	68	128	152	5.077749
45	69	128	153	7.246308
45	70	128	154	9.656192
45	71	128	155	12.028127
45	72	128	156	14.986646
45	73	128	157	12.114170
45	74	128	158	18.543204
46	47	129	130	1.320263
46	48	129	131	3.336851
46	49	129	132	3.465490
46	50	129	133	2.940342
46	51	129	134	5.096068
46	52	129	135	7.159979
46	53	129	136	7.507988
46	54	129	137	8.887545
46	55	129	138	11.236407
46	56	129	139	9.447588
46	57	129	140	14.671841
46	58	129	141	16.498133
46	59	129	142	17.103330
46	60	129	144	12.586459
46	61	129	145	18.027109
46	62	129	146	16.119031
46	63	129	147	12.509117
46	64	129	148	13.114571
46	65	129	149	5.176067
46	66	129	150	11.159725
46	67	129	151	10.105185
46	68	129	152	9.242394
46	69	129	153	10.959458
46	70	129	154	12.990357
46	71	129	155	14.641345
46	72	129	156	17.228724
46	73	129	157	13.418334
46	74	129	158	20.401911
47	48	130	131	1.341303
47	49	130	132	3.316312
47	50	130	133	3.277267
47	51	130	134	3.019188
47	52	130	135	5.325366
47	53	130	136	7.000667
47	54	130	137	7.529594
47	55	130	138	9.578831
47	56	130	139	9.620529
47	57	130	140	13.635821
47	58	130	141	14.983840
47	59	130	142	15.145833
47	60	130	144	11.081784
47	61	130	145	16.077234
47	62	130	146	14.076966
47	63	130	147	11.161699
47	64	130	148	11.890392
47	65	130	149	6.435864
47	66	130	150	11.792931
47	67	130	151	11.821537
47	68	130	152	11.192943
47	69	130	153	12.116799
47	70	130	154	14.382037
47	71	130	155	15.599280
47	72	130	156	18.175950
47	73	130	157	12.113782
47	74	130	158	20.100617
48	49	131	132	1.350652
48	50	131	133	3.252475
48	51	131	134	3.239718
48	52	131	135	3.202509
48	53	131	136	5.213564
48	54	131	137	7.026149
48	55	131	138	7.866854
48	56	131	139	7.033888
48	57	131	140	11.749832
48	58	131	141	13.426424
48	59	131	142	13.066888
48	60	131	144	8.106557
48	61	131	145	13.065961
48	62	131	146	11.087336
48	63	131	147	7.705822
48	64	131	148	6.884136
48	65	131	149	3.745781
48	66	131	150	6.347660
48	67	131	151	6.802813
48	68	131	152	8.209391
48	69	131	153	9.420370
48	70	131	154	12.468644
48	71	131	155	15.018540
48	72	131	156	18.259623
48	73	131	157	14.505538
48	74	131	158	21.068139
49	50	132	133	1.350011
49	51	132	134	3.357381
49	52	132	135	3.357446
49	53	132	136	3.000233
49	54	132	137	5.164776
49	55	132	138	7.216757
49	56	132	139	4.683361
49	57	132	140	9.937637
49	58	132	141	11.993676
49	59	132	142	12.340536
49	60	132	144	7.872679
49	61	132	145	13.734944
49	62	132	146	12.760546
49	63	132	147	8.584133
49	64	132	148	10.607473
49	65	132	149	2.984267
49	66	132	150	10.319468
49	67	132	151	9.669838
49	68	132	152	10.533890
49	69	132	153	12.959708
49	70	132	154	15.811683
49	71	132	155	18.161826
49	72	132	156	20.879998
49	73	132	157	17.228380
49	74	132	158	24.328259
50	51	133	134	1.356737
50	52	133	135	3.417951
50	53	133	136	3.397195
50	54	133	137	2.992743
50	55	133	138	5.336832
50	56	133	139	6.943767
50	57	133	140	9.263289
50	58	133	141	10.685080
50	59	133	142	11.711092
50	60	133	144	8.841456
50	61	133	145	14.611897
50	62	133	146	13.925927
50	63	133	147	11.113041
50	64	133	148	13.056560
50	65	133	149	6.919521
50	66	133	150	13.715690
50	67	133	151	13.609248
50	68	133	152	14.310584
50	69	133	153	15.870182
50	70	133	154	18.345448
50	71	133	155	20.168353
50	72	133	156	22.878569
50	73	133	157	17.445692
50	74	133	158	25.336642
51	52	134	135	1.318813
51	53	134	136	3.249390
51	54	134	137	2.785372
51	55	134	138	3.443941
51	56	134	139	5.163671
51	57	134	140	7.735533
51	58	134	141	8.783863
51	59	134	142	8.673270
51	60	134	144	6.346721
51	61	134	145	10.206626
51	62	134	146	9.022084
51	63	134	147	8.158290
51	64	134	148	10.005814
51	65	134	149	8.006668
51	66	134	150	12.772627
51	67	134	151	13.957750
51	68	134	152	15.471151
51	69	134	153	16.631160
51	70	134	154	19.316267
51	71	134	155	21.259012
51	72	134	156	24.111716
51	73	134	157	18.800453
51	74	134	158	26.414841
52	53	135	136	1.339685
52	54	135	137	3.221954
52	55	135	138	3.160699
52	56	135	139	2.853187
52	57	135	140	5.277670
52	58	135	141	7.124925
52	59	135	142	7.335210
52	60	135	144	3.769577
52	61	135	145	8.203546
52	62	135	146	6.885762
52	63	135	147	4.380116
52	64	135	148	8.067576
52	65	135	149	4.149538
52	66	135	150	10.307261
52	67	135	151	11.041502
52	68	135	152	13.329660
52	69	135	153	15.717345
52	70	135	154	18.963412
52	71	135	155	21.689876
52	72	135	156	24.951000
52	73	135	157	21.148984
52	74	135	158	28.485816
53	54	136	137	1.313476
53	55	136	138	3.238083
53	56	136	139	3.975033
53	57	136	140	4.911137
53	58	136	141	6.719328
53	59	136	142	8.532822
53	60	136	144	6.027271
53	61	136	145	12.132354
53	62	136	146	12.148781
53	63	136	147	9.401081
53	64	136	148	13.348455
53	65	136	149	8.472470
53	66	136	150	15.435676
53	67	136	151	15.898460
53	68	136	152	17.469589
53	69	136	153	19.466786
53	70	136	154	22.307903
53	71	136	155	24.464535
53	72	136	156	27.365771
53	73	136	157	22.591602
53	74	136	158	30.162665
54	55	137	138	1.346485
54	56	137	139	3.901114
54	57	137	140	5.393855
54	58	137	141	4.804141
54	59	137	142	6.860290
54	60	137	144	7.474773
54	61	137	145	12.780146
54	62	137	146	13.744477
54	63	137	147	11.524994
54	64	137	148	15.269119
54	65	137	149	11.011230
54	66	137	150	17.654073
54	67	137	151	18.241998
54	68	137	152	19.709062
54	69	137	153	21.410475
54	70	137	154	24.014446
54	71	137	155	25.769035
54	72	137	156	28.555617
54	73	137	157	22.612233
54	74	137	158	30.386778
55	56	138	139	1.338074
55	57	138	140	3.047790
55	58	138	141	2.872777
55	59	138	142	2.990582
55	60	138	144	4.162260
55	61	138	145	7.844861
55	62	138	146	8.668924
55	63	138	147	8.011715
55	64	138	148	11.556330
55	65	138	149	11.205210
55	66	138	150	15.766536
55	67	138	151	17.295435
55	68	138	152	19.766376
55	69	138	153	21.481900
55	70	138	154	24.564494
55	71	138	155	26.937616
55	72	138	156	30.136759
55	73	138	157	25.246243
55	74	138	158	32.706107
56	57	139	140	1.316550
56	58	139	141	3.384612
56	59	139	142	3.259538
56	60	139	144	3.862928
56	61	139	145	8.964805
56	62	139	146	9.726202
56	63	139	147	6.582699
56	64	139	148	10.972456
56	65	139	149	7.463038
56	66	139	150	14.059890
56	67	139	151	14.513348
56	68	139	152	16.666206
56	69	139	153	19.398235
56	70	139	154	22.594987
56	71	139	155	25.122207
56	72	139	156	28.090231
56	73	139	157	24.442363
56	74	139	158	31.582864
57	58	140	141	1.330162
57	59	140	142	3.879786
57	60	140	144	6.490832
57	61	140	145	10.755665
57	62	140	146	13.007592
57	63	140	147	11.859075
57	64	140	148	16.437205
57	65	140	149	14.363160
57	66	140	150	20.621473
57	67	140	151	21.553283
57	68	140	152	23.702203
57	69	140	153	25.920409
57	70	140	154	28.956295
57	71	140	155	31.281159
57	72	140	156	34.276381
57	73	140	157	29.421493
57	74	140	158	37.019424
58	59	141	142	1.323195
58	60	141	144	7.455615
58	61	141	145	10.494622
58	62	141	146	13.221296
58	63	141	147	13.298825
58	64	141	148	17.659000
58	65	141	149	16.400214
58	66	141	150	22.197161
58	67	141	151	23.365073
58	68	141	152	25.628988
58	69	141	153	27.669656
58	70	141	154	30.694765
58	71	141	155	32.959090
58	72	141	156	35.970419
58	73	141	157	30.406008
58	74	141	158	38.123804
59	60	142	144	3.912858
59	61	142	145	7.040190
59	62	142	146	9.840714
59	63	142	147	10.518882
59	64	142	148	14.691030
59	65	142	149	15.200624
59	66	142	150	20.062217
59	67	142	151	21.524270
59	68	142	152	24.229603
59	69	142	153	26.429837
59	70	142	154	29.669782
59	71	142	155	32.111585
59	72	142	156	35.321565
59	73	142	157	30.579662
59	74	142	158	37.800692
60	61	144	145	1.331519
60	62	144	146	3.714408
60	63	144	147	3.575629
60	64	144	148	7.795040
60	65	144	149	9.431065
60	66	144	150	13.483616
60	67	144	151	15.065947
60	68	144	152	18.145903
60	69	144	153	20.581404
60	70	144	154	24.013460
60	71	144	155	26.817114
60	72	144	156	30.098204
60	73	144	157	26.556134
60	74	144	158	33.457897
61	62	145	146	1.329802
61	63	145	147	4.631670
61	64	145	148	7.934305
61	65	145	149	11.223497
61	66	145	150	14.728571
61	67	145	151	16.709123
61	68	145	152	20.207248
61	69	145	153	22.643412
61	70	145	154	26.153576
61	71	145	155	29.341466
61	72	145	156	32.903476
61	73	145	157	30.678894
61	74	145	158	36.851665
62	63	146	147	1.323810
62	64	146	148	4.337076
62	65	146	149	7.652369
62	66	146	150	11.121135
62	67	146	151	13.196843
62	68	146	152	16.727414
62	69	146	153	18.975640
62	70	146	154	22.467239
62	71	146	155	25.579392
62	72	146	156	29.149407
62	73	146	157	27.266788
62	74	146	158	32.964416
63	64	147	148	1.340317
63	65	147	149	4.252316
63	66	147	150	7.443495
63	67	147	151	9.059151
63	68	147	152	12.350865
63	69	147	153	14.833759
63	70	147	154	18.339440
63	71	147	155	21.507431
63	72	147	156	25.031121
63	73	147	157	23.544234
63	74	147	158	29.189105
64	65	148	149	1.319573
64	66	148	150	4.488471
64	67	148	151	6.914681
64	68	148	152	10.554975
64	69	148	153	12.249805
64	70	148	154	15.935130
64	71	148	155	19.133699
64	72	148	156	22.750150
64	73	148	157	21.980803
64	74	148	158	26.863564
65	66	149	150	1.323760
65	67	149	151	3.424394
65	68	149	152	7.120828
65	69	149	153	9.351251
65	70	149	154	12.866665
65	71	149	155	15.789715
65	72	149	156	18.975799
65	73	149	157	17.023760
65	74	149	158	23.074705
66	67	150	151	1.307264
66	68	150	152	4.263104
66	69	150	153	5.329674
66	70	150	154	9.005560
66	71	150	155	12.305113
66	72	150	156	15.939327
66	73	150	157	16.748577
66	74	150	158	20.493705
67	68	151	152	1.332055
67	69	151	153	3.629357
67	70	151	154	7.141645
67	71	151	155	10.630824
67	72	151	156	14.200976
67	73	151	157	15.762231
67	74	151	158	19.238642
68	69	152	153	1.332271
68	70	152	154	4.310676
68	71	152	155	7.287054
68	72	152	156	10.408470
68	73	152	157	12.293386
68	74	152	158	15.692946
69	70	153	154	1.329513
69	71	153	155	4.597964
69	72	153	156	8.191057
69	73	153	157	10.448446
69	74	153	158	13.144791
70	71	154	155	1.329879
70	72	154	156	4.674643
70	73	154	157	7.656227
70	74	154	158	10.367718
71	72	155	156	1.335361
71	73	155	157	3.793713
71	74	155	158	6.872962
72	73	156	157	1.314913
72	74	156	158	3.923117
73	74	157	158	1.320902
