5	6	78	79	1.308940
5	7	78	80	2.789686
5	8	78	81	5.247136
5	9	78	82	5.403131
5	10	78	83	8.967309
5	11	78	84	11.232766
5	12	78	85	14.568217
5	13	78	86	17.823718
5	14	78	87	20.513424
5	15	78	88	24.338267
5	16	78	89	27.555724
5	17	78	90	30.801587
5	18	78	91	33.668995
5	19	78	92	36.354060
5	20	78	93	34.520621
5	21	78	94	33.052979
5	22	78	95	30.109116
5	23	78	96	25.891274
5	24	78	97	24.579293
5	25	78	98	21.608052
5	26	78	99	21.711532
5	27	78	100	18.701296
5	28	78	101	21.863028
5	29	78	102	20.321074
5	30	78	103	16.265919
5	31	78	104	23.711655
5	32	78	105	25.508027
5	33	78	106	21.138766
5	34	78	107	25.804789
5	35	78	108	28.459154
5	36	78	109	29.119142
5	37	78	110	27.927463
5	38	78	111	31.194955
5	39	78	112	27.471746
5	40	78	113	32.952333
5	41	78	114	33.437251
5	42	78	115	34.506627
5	43	78	116	31.387128
5	44	78	117	29.955310
5	45	78	118	32.469683
5	46	78	119	32.131459
5	47	78	120	27.732958
5	48	78	121	25.215688
5	49	78	122	22.261361
5	50	78	123	23.479257
5	51	78	124	22.652275
5	52	78	125	19.327279
5	53	78	126	18.633767
5	54	78	127	19.642515
5	55	78	128	17.629588
5	56	78	129	13.546067
5	57	78	130	15.961842
5	58	78	131	16.518578
5	59	78	132	12.835993
6	7	79	80	1.321448
6	8	79	81	2.804740
6	9	79	82	3.183621
6	10	79	83	6.031100
6	11	79	84	8.562711
6	12	79	85	11.850088
6	13	79	86	15.446549
6	14	79	87	17.704286
6	15	79	88	21.608341
6	16	79	89	24.881203
6	17	79	90	28.075268
6	18	79	91	31.003397
6	19	79	92	33.650314
6	20	79	93	31.682416
6	21	79	94	29.955065
6	22	79	95	27.135614
6	23	79	96	22.956886
6	24	79	97	21.727739
6	25	79	98	18.687460
6	26	79	99	18.596629
6	27	79	100	15.586341
6	28	79	101	18.612527
6	29	79	102	16.692714
6	30	79	103	12.998422
6	31	79	104	20.278970
6	32	79	105	22.008167
6	33	79	106	17.322847
6	34	79	107	22.188050
6	35	79	108	24.860296
6	36	79	109	25.235009
6	37	79	110	24.198465
6	38	79	111	27.429513
6	39	79	112	23.962329
6	40	79	113	29.692971
6	41	79	114	30.148380
6	42	79	115	31.578959
6	43	79	116	28.430503
6	44	79	117	26.759090
6	45	79	118	29.570331
6	46	79	119	29.530823
6	47	79	120	25.018924
6	48	79	121	22.478591
6	49	79	122	20.241420
6	50	79	123	20.544073
6	51	79	124	19.508363
6	52	79	125	16.433851
6	53	79	126	15.630086
6	54	79	127	16.164951
6	55	79	128	14.074374
6	56	79	129	11.159875
6	57	79	130	12.297872
6	58	79	131	12.561909
6	59	79	132	9.256840
7	8	80	81	1.337881
7	9	80	82	3.438939
7	10	80	83	6.387221
7	11	80	84	9.362594
7	12	80	85	12.206038
7	13	80	86	15.890011
7	14	80	87	18.208702
7	15	80	88	22.203507
7	16	80	89	25.685507
7	17	80	90	28.664836
7	18	80	91	31.781363
7	19	80	92	34.261885
7	20	80	93	31.732328
7	21	80	94	30.851899
7	22	80	95	27.596550
7	23	80	96	24.085668
7	24	80	97	21.749654
7	25	80	98	18.355147
7	26	80	99	18.809986
7	27	80	100	15.564170
7	28	80	101	17.869424
7	29	80	102	17.166648
7	30	80	103	14.639822
7	31	80	104	20.863905
7	32	80	105	22.214219
7	33	80	106	19.428401
7	34	80	107	23.816400
7	35	80	108	26.262052
7	36	80	109	27.162213
7	37	80	110	26.748633
7	38	80	111	30.002259
7	39	80	112	26.858268
7	40	80	113	31.825619
7	41	80	114	31.087642
7	42	80	115	33.732667
7	43	80	116	30.876305
7	44	80	117	28.223187
7	45	80	118	31.434931
7	46	80	119	31.877562
7	47	80	120	27.483229
7	48	80	121	24.539051
7	49	80	122	22.404746
7	50	80	123	23.560030
7	51	80	124	22.082432
7	52	80	125	18.894920
7	53	80	126	18.858964
7	54	80	127	19.605523
7	55	80	128	16.983964
7	56	80	129	13.891347
7	57	80	130	16.299042
7	58	80	131	16.289830
7	59	80	132	11.615657
8	9	81	82	1.325015
8	10	81	83	4.562225
8	11	81	84	8.133839
8	12	81	85	9.977570
8	13	81	86	14.004032
8	14	81	87	15.136622
8	15	81	88	19.513247
8	16	81	89	22.767178
8	17	81	90	25.611865
8	18	81	91	28.690653
8	19	81	92	31.151826
8	20	81	93	28.602305
8	21	81	94	27.088381
8	22	81	95	24.178832
8	23	81	96	20.522754
8	24	81	97	19.054176
8	25	81	98	15.576875
8	26	81	99	15.465803
8	27	81	100	12.008733
8	28	81	101	14.370315
8	29	81	102	12.864917
8	30	81	103	10.565870
8	31	81	104	16.673811
8	32	81	105	18.201577
8	33	81	106	14.816055
8	34	81	107	19.329840
8	35	81	108	21.804172
8	36	81	109	22.557833
8	37	81	110	22.222034
8	38	81	111	25.451916
8	39	81	112	22.534190
8	40	81	113	27.662446
8	41	81	114	27.035654
8	42	81	115	29.878765
8	43	81	116	27.015225
8	44	81	117	24.160821
8	45	81	118	27.669030
8	46	81	119	28.377713
8	47	81	120	23.883976
8	48	81	121	21.022178
8	49	81	122	19.604303
8	50	81	123	19.917412
8	51	81	124	18.095454
8	52	81	125	15.192067
8	53	81	126	15.472966
8	54	81	127	15.639057
8	55	81	128	12.697458
8	56	81	129	10.948297
8	57	81	130	12.898085
8	58	81	131	12.212509
8	59	81	132	7.243956
9	10	82	83	1.326219
9	11	82	84	4.638885
9	12	82	85	7.619575
9	13	82	86	11.109587
9	14	82	87	13.287745
9	15	82	88	17.267639
9	16	82	89	20.654152
9	17	82	90	23.745987
9	18	82	91	26.778442
9	19	82	92	29.347010
9	20	82	93	27.151012
9	21	82	94	26.127740
9	22	82	95	22.880628
9	23	82	96	19.160626
9	24	82	97	17.143792
9	25	82	98	13.996491
9	26	82	99	14.692633
9	27	82	100	11.291176
9	28	82	101	14.525286
9	29	82	102	13.768057
9	30	82	103	9.690289
9	31	82	104	16.769983
9	32	82	105	18.702247
9	33	82	106	15.260053
9	34	82	107	19.459342
9	35	82	108	22.037275
9	36	82	109	23.284409
9	37	82	110	21.827659
9	38	82	111	25.128483
9	39	82	112	21.165191
9	40	82	113	26.479714
9	41	82	114	26.651373
9	42	82	115	28.021764
9	43	82	116	24.921907
9	44	82	117	23.403468
9	45	82	118	25.985801
9	46	82	119	25.772287
9	47	82	120	21.324972
9	48	82	121	18.780354
9	49	82	122	16.390204
9	50	82	123	17.122135
9	51	82	124	16.180023
9	52	82	125	12.837609
9	53	82	126	12.358223
9	54	82	127	13.491674
9	55	82	128	11.421583
9	56	82	129	7.338318
9	57	82	130	10.448507
9	58	82	131	11.332505
9	59	82	132	6.900564
10	11	83	84	1.325226
10	12	83	85	3.571909
10	13	83	86	7.151592
10	14	83	87	9.382836
10	15	83	88	13.228241
10	16	83	89	16.618755
10	17	83	90	19.742067
10	18	83	91	22.766152
10	19	83	92	25.283151
10	20	83	93	22.513940
10	21	83	94	22.062139
10	22	83	95	18.615010
10	23	83	96	15.312136
10	24	83	97	12.587711
10	25	83	98	9.108683
10	26	83	99	9.906014
10	27	83	100	7.124057
10	28	83	101	9.798769
10	29	83	102	10.860907
10	30	83	103	7.623889
10	31	83	104	13.205335
10	32	83	105	15.265431
10	33	83	106	14.027299
10	34	83	107	17.042075
10	35	83	108	19.168275
10	36	83	109	21.167454
10	37	83	110	20.575642
10	38	83	111	23.839549
10	39	83	112	20.038228
10	40	83	113	23.985124
10	41	83	114	22.622669
10	42	83	115	25.366477
10	43	83	116	22.721805
10	44	83	117	20.191146
10	45	83	118	22.897765
10	46	83	119	23.378673
10	47	83	120	19.234219
10	48	83	121	16.029505
10	49	83	122	14.044949
10	50	83	123	16.230132
10	51	83	124	14.603166
10	52	83	125	11.286549
10	53	83	126	12.624262
10	54	83	127	13.968236
10	55	83	128	11.273347
10	56	83	129	7.755642
10	57	83	130	11.626052
10	58	83	131	13.056795
10	59	83	132	7.659750
11	12	84	85	1.329431
11	13	84	86	3.980769
11	14	84	87	7.761459
11	15	84	88	11.267256
11	16	84	89	14.761709
11	17	84	90	17.980966
11	18	84	91	20.949923
11	19	84	92	23.538138
11	20	84	93	21.694920
11	21	84	94	21.216370
11	22	84	95	17.712610
11	23	84	96	14.440943
11	24	84	97	11.483830
11	25	84	98	9.106921
11	26	84	99	10.896037
11	27	84	100	8.504533
11	28	84	101	12.501722
11	29	84	102	14.116026
11	30	84	103	8.606140
11	31	84	104	14.901319
11	32	84	105	17.475694
11	33	84	106	16.255534
11	34	84	107	18.001609
11	35	84	108	20.442196
11	36	84	109	22.815555
11	37	84	110	21.447493
11	38	84	111	24.611768
11	39	84	112	20.643100
11	40	84	113	23.759412
11	41	84	114	22.773538
11	42	84	115	24.696952
11	43	84	116	22.296567
11	44	84	117	19.791535
11	45	84	118	21.841696
11	46	84	119	22.050135
11	47	84	120	18.588508
11	48	84	121	15.403255
11	49	84	122	11.751820
11	50	84	123	16.267559
11	51	84	124	15.009764
11	52	84	125	11.559049
11	53	84	126	12.051013
11	54	84	127	14.966042
11	55	84	128	12.840880
11	56	84	129	8.139697
11	57	84	130	13.025616
11	58	84	131	15.064673
11	59	84	132	9.831790
12	13	85	86	1.326948
12	14	85	87	4.045853
12	15	85	88	7.732215
12	16	85	89	11.160046
12	17	85	90	14.456495
12	18	85	91	17.351174
12	19	85	92	19.997800
12	20	85	93	17.872295
12	21	85	94	16.787024
12	22	85	95	13.518486
12	23	85	96	9.972577
12	24	85	97	8.198985
12	25	85	98	5.341477
12	26	85	99	5.616960
12	27	85	100	3.464043
12	28	85	101	8.103237
12	29	85	102	9.424947
12	30	85	103	4.146330
12	31	85	104	9.517900
12	32	85	105	12.172636
12	33	85	106	11.342616
12	34	85	107	12.531461
12	35	85	108	14.943957
12	36	85	109	17.342487
12	37	85	110	16.131417
12	38	85	111	19.245125
12	39	85	112	15.648406
12	40	85	113	18.797160
12	41	85	114	17.681078
12	42	85	115	20.337605
12	43	85	116	17.953915
12	44	85	117	14.727885
12	45	85	118	17.764469
12	46	85	119	18.881957
12	47	85	120	14.904138
12	48	85	121	11.515029
12	49	85	122	9.571059
12	50	85	123	12.678623
12	51	85	124	10.456334
12	52	85	125	7.045163
12	53	85	126	9.721691
12	54	85	127	11.042002
12	55	85	128	8.398006
12	56	85	129	6.749580
12	57	85	130	10.204920
12	58	85	131	11.768868
12	59	85	132	7.863441
13	14	86	87	1.324583
13	15	86	88	4.413852
13	16	86	89	7.992731
13	17	86	90	11.081166
13	18	86	91	14.110759
13	19	86	92	16.568274
13	20	86	93	14.584815
13	21	86	94	14.700429
13	22	86	95	10.884313
13	23	86	96	8.328407
13	24	86	97	4.457613
13	25	86	98	3.994318
13	26	86	99	5.805209
13	27	86	100	6.597199
13	28	86	101	10.352411
13	29	86	102	12.694516
13	30	86	103	7.931263
13	31	86	104	11.883824
13	32	86	105	14.541861
13	33	86	106	15.647552
13	34	86	107	13.578852
13	35	86	108	16.844010
13	36	86	109	19.631310
13	37	86	110	18.210615
13	38	86	111	21.311392
13	39	86	112	17.464942
13	40	86	113	18.757297
13	41	86	114	17.005066
13	42	86	115	19.225959
13	43	86	116	17.423484
13	44	86	117	14.547316
13	45	86	118	16.315404
13	46	86	119	17.420901
13	47	86	120	14.369576
13	48	86	121	10.916987
13	49	86	122	9.819321
13	50	86	123	13.106678
13	51	86	124	11.966189
13	52	86	125	6.801038
13	53	86	126	11.188600
13	54	86	127	13.551014
13	55	86	128	11.179620
13	56	86	129	9.087023
13	57	86	130	13.831445
13	58	86	131	15.847382
13	59	86	132	12.197171
14	15	87	88	1.325839
14	16	87	89	4.611056
14	17	87	90	7.894540
14	18	87	91	10.798174
14	19	87	92	13.420409
14	20	87	93	11.734841
14	21	87	94	10.681661
14	22	87	95	7.394334
14	23	87	96	4.175811
14	24	87	97	3.359936
14	25	87	98	3.363252
14	26	87	99	3.519370
14	27	87	100	3.965738
14	28	87	101	8.495910
14	29	87	102	10.293759
14	30	87	103	5.043613
14	31	87	104	8.725845
14	32	87	105	11.369182
14	33	87	106	12.284807
14	34	87	107	8.863247
14	35	87	108	12.638167
14	36	87	109	15.449062
14	37	87	110	13.746549
14	38	87	111	16.793543
14	39	87	112	13.240658
14	40	87	113	14.123998
14	41	87	114	12.631121
14	42	87	115	15.062701
14	43	87	116	13.332030
14	44	87	117	9.821937
14	45	87	118	12.264219
14	46	87	119	13.774715
14	47	87	120	10.895885
14	48	87	121	7.506951
14	49	87	122	7.634531
14	50	87	123	10.211803
14	51	87	124	8.416370
14	52	87	125	3.854159
14	53	87	126	8.766935
14	54	87	127	11.014327
14	55	87	128	7.428038
14	56	87	129	8.607682
14	57	87	130	11.724345
14	58	87	131	13.341084
14	59	87	132	11.152685
15	16	88	89	1.326278
15	17	88	90	4.434647
15	18	88	91	7.375380
15	19	88	92	9.974756
15	20	88	93	8.716275
15	21	88	94	8.076908
15	22	88	95	4.496746
15	23	88	96	3.158571
15	24	88	97	2.742353
15	25	88	98	5.142728
15	26	88	99	5.970012
15	27	88	100	7.976228
15	28	88	101	11.751550
15	29	88	102	13.454692
15	30	88	103	9.094672
15	31	88	104	10.471511
15	32	88	105	13.062697
15	33	88	106	14.108771
15	34	88	107	9.039999
15	35	88	108	13.443609
15	36	88	109	16.288210
15	37	88	110	14.376291
15	38	88	111	17.118609
15	39	88	112	13.212915
15	40	88	113	12.996408
15	41	88	114	11.239110
15	42	88	115	13.182961
15	43	88	116	12.143025
15	44	88	117	8.839606
15	45	88	118	10.109668
15	46	88	119	11.970690
15	47	88	120	10.078498
15	48	88	121	6.526283
15	49	88	122	8.200176
15	50	88	123	10.571032
15	51	88	124	8.998971
15	52	88	125	5.176134
15	53	88	126	10.690234
15	54	88	127	12.912894
15	55	88	128	9.545719
15	56	88	129	11.754008
15	57	88	130	15.137223
15	58	88	131	16.773112
15	59	88	132	15.450343
16	17	89	90	1.330743
16	18	89	91	3.796046
16	19	89	92	5.944539
16	20	89	93	5.861723
16	21	89	94	3.571782
16	22	89	95	3.551415
16	23	89	96	3.722687
16	24	89	97	4.182757
16	25	89	98	7.227761
16	26	89	99	8.147498
16	27	89	100	10.668099
16	28	89	101	14.049777
16	29	89	102	14.802967
16	30	89	103	11.314938
16	31	89	104	11.297413
16	32	89	105	13.523542
16	33	89	106	13.245311
16	34	89	107	7.050792
16	35	89	108	11.762176
16	36	89	109	14.181928
16	37	89	110	11.622831
16	38	89	111	13.119072
16	39	89	112	9.291998
16	40	89	113	7.705183
16	41	89	114	5.324019
16	42	89	115	6.756595
16	43	89	116	7.133234
16	44	89	117	4.088919
16	45	89	118	3.718031
16	46	89	119	5.985378
16	47	89	120	7.006870
16	48	89	121	3.568934
16	49	89	122	6.490356
16	50	89	123	9.084744
16	51	89	124	7.315312
16	52	89	125	6.111012
16	53	89	126	10.765464
16	54	89	127	12.785768
16	55	89	128	9.894246
16	56	89	129	13.923802
16	57	89	130	16.320650
16	58	89	131	17.087799
16	59	89	132	17.644268
17	18	90	91	1.329160
17	19	90	92	2.849544
17	20	90	93	2.906861
17	21	90	94	2.582068
17	22	90	95	2.768843
17	23	90	96	4.760976
17	24	90	97	4.424457
17	25	90	98	8.502864
17	26	90	99	9.785051
17	27	90	100	12.775014
17	28	90	101	15.319084
17	29	90	102	16.795613
17	30	90	103	13.633545
17	31	90	104	12.925521
17	32	90	105	15.506777
17	33	90	106	16.314513
17	34	90	107	10.349416
17	35	90	108	14.859449
17	36	90	109	17.414344
17	37	90	110	15.590015
17	38	90	111	16.799877
17	39	90	112	13.159254
17	40	90	113	11.153584
17	41	90	114	8.487468
17	42	90	115	10.179160
17	43	90	116	11.091341
17	44	90	117	8.163976
17	45	90	118	6.042657
17	46	90	119	9.599833
17	47	90	120	10.404662
17	48	90	121	7.018660
17	49	90	122	9.796722
17	50	90	123	12.360110
17	51	90	124	10.937318
17	52	90	125	8.948840
17	53	90	126	13.904681
17	54	90	127	15.957255
17	55	90	128	12.792984
17	56	90	129	16.644522
17	57	90	130	19.169136
17	58	90	131	20.192112
17	59	90	132	20.041725
18	19	91	92	1.333492
18	20	91	93	3.554466
18	21	91	94	3.589889
18	22	91	95	5.341078
18	23	91	96	7.364308
18	24	91	97	7.549325
18	25	91	98	11.730972
18	26	91	99	12.887102
18	27	91	100	15.945524
18	28	91	101	18.432433
18	29	91	102	19.606271
18	30	91	103	16.489986
18	31	91	104	15.640542
18	32	91	105	18.037649
18	33	91	106	18.406090
18	34	91	107	12.216323
18	35	91	108	16.709742
18	36	91	109	18.979532
18	37	91	110	16.826556
18	38	91	111	17.176813
18	39	91	112	13.662595
18	40	91	113	11.080574
18	41	91	114	7.902653
18	42	91	115	9.004949
18	43	91	116	10.729849
18	44	91	117	7.989053
18	45	91	118	3.653393
18	46	91	119	8.374977
18	47	91	120	9.931970
18	48	91	121	7.193809
18	49	91	122	10.817953
18	50	91	123	13.385631
18	51	91	124	12.234844
18	52	91	125	11.394118
18	53	91	126	15.808470
18	54	91	127	17.757237
18	55	91	128	15.209781
18	56	91	129	19.040408
18	57	91	130	21.424954
18	58	91	131	22.432516
18	59	91	132	22.761828
19	20	92	93	1.328441
19	21	92	94	3.247406
19	22	92	95	5.842363
19	23	92	96	8.986528
19	24	92	97	9.103555
19	25	92	98	13.548900
19	26	92	99	14.747507
19	27	92	100	17.984008
19	28	92	101	19.187153
19	29	92	102	21.169540
19	30	92	103	18.098753
19	31	92	104	16.576152
19	32	92	105	18.832690
19	33	92	106	19.447047
19	34	92	107	13.483033
19	35	92	108	16.990201
19	36	92	109	19.087573
19	37	92	110	17.758945
19	38	92	111	18.027746
19	39	92	112	14.535403
19	40	92	113	12.379592
19	41	92	114	9.014879
19	42	92	115	10.429742
19	43	92	116	12.553854
19	44	92	117	10.105001
19	45	92	118	5.719055
19	46	92	119	10.486884
19	47	92	120	12.344098
19	48	92	121	9.583136
19	49	92	122	13.401617
19	50	92	123	15.851311
19	51	92	124	14.247237
19	52	92	125	14.093853
19	53	92	126	18.394759
19	54	92	127	20.191067
19	55	92	128	17.335785
19	56	92	129	21.508368
19	57	92	130	23.919182
19	58	92	131	24.589840
19	59	92	132	25.113390
20	21	93	94	1.328452
20	22	93	95	3.366103
20	23	93	96	6.162747
20	24	93	97	6.277108
20	25	93	98	10.298521
20	26	93	99	11.426572
20	27	93	100	14.718116
20	28	93	101	15.385451
20	29	93	102	17.720428
20	30	93	103	14.736753
20	31	93	104	13.130002
20	32	93	105	15.166800
20	33	93	106	15.736228
20	34	93	107	10.115193
20	35	93	108	13.027536
20	36	93	109	15.194439
20	37	93	110	14.306523
20	38	93	111	14.945203
20	39	93	112	11.432042
20	40	93	113	9.884377
20	41	93	114	5.635470
20	42	93	115	8.890238
20	43	93	116	11.088175
20	44	93	117	7.972296
20	45	93	118	6.945210
20	46	93	119	10.766032
20	47	93	120	12.707788
20	48	93	121	10.348811
20	49	93	122	13.870360
20	50	93	123	15.925422
20	51	93	124	12.793665
20	52	93	125	13.273855
20	53	93	126	17.811221
20	54	93	127	18.632772
20	55	93	128	15.002896
20	56	93	129	20.056072
20	57	93	130	22.557461
20	58	93	131	22.095805
20	59	93	132	22.908407
21	22	94	95	1.331828
21	23	94	96	4.584747
21	24	94	97	7.751602
21	25	94	98	10.954325
21	26	94	99	10.091216
21	27	94	100	13.456531
21	28	94	101	14.328496
21	29	94	102	15.056160
21	30	94	103	11.876008
21	31	94	104	10.775128
21	32	94	105	12.772109
21	33	94	106	12.889165
21	34	94	107	7.002239
21	35	94	108	10.582608
21	36	94	109	12.779545
21	37	94	110	11.376761
21	38	94	111	12.430272
21	39	94	112	8.816053
21	40	94	113	7.493696
21	41	94	114	3.905845
21	42	94	115	7.414508
21	43	94	116	8.865842
21	44	94	117	4.762371
21	45	94	118	5.403424
21	46	94	119	8.524944
21	47	94	120	10.350860
21	48	94	121	8.114340
21	49	94	122	11.414724
21	50	94	123	13.287425
21	51	94	124	9.542354
21	52	94	125	11.104577
21	53	94	126	14.831934
21	54	94	127	15.370572
21	55	94	128	11.845077
21	56	94	129	16.891267
21	57	94	130	19.351658
21	58	94	131	18.874983
21	59	94	132	19.996097
22	23	95	96	1.335004
22	24	95	97	3.928698
22	25	95	98	7.262725
22	26	95	99	7.182397
22	27	95	100	10.550324
22	28	95	101	11.756124
22	29	95	102	13.657040
22	30	95	103	10.796366
22	31	95	104	9.409613
22	32	95	105	11.845216
22	33	95	106	12.851703
22	34	95	107	7.016268
22	35	95	108	10.176993
22	36	95	109	13.049695
22	37	95	110	12.282763
22	38	95	111	14.089833
22	39	95	112	10.538886
22	40	95	113	9.333177
22	41	95	114	4.818972
22	42	95	115	9.243655
22	43	95	116	10.114968
22	44	95	117	5.703550
22	45	95	118	7.205078
22	46	95	119	9.793338
22	47	95	120	10.776307
22	48	95	121	7.801210
22	49	95	122	10.454572
22	50	95	123	12.533764
22	51	95	124	9.186892
22	52	95	125	8.702208
22	53	95	126	13.313700
22	54	95	127	14.923495
22	55	95	128	10.483774
22	56	95	129	15.173583
22	57	95	130	17.823519
22	58	95	131	17.992454
22	59	95	132	18.074696
23	24	96	97	1.327919
23	25	96	98	4.289493
23	26	96	99	4.077302
23	27	96	100	7.312535
23	28	96	101	9.766545
23	29	96	102	10.740464
23	30	96	103	7.573098
23	31	96	104	7.366500
23	32	96	105	9.662077
23	33	96	106	9.650711
23	34	96	107	3.818769
23	35	96	108	8.657590
23	36	96	109	11.302683
23	37	96	110	8.629377
23	38	96	111	11.092876
23	39	96	112	7.290570
23	40	96	113	7.381281
23	41	96	114	6.918281
23	42	96	115	8.813389
23	43	96	116	7.056413
23	44	96	117	3.295278
23	45	96	118	6.194243
23	46	96	119	8.133980
23	47	96	120	5.874226
23	48	96	121	3.710970
23	49	96	122	5.386127
23	50	96	123	6.997591
23	51	96	124	3.728396
23	52	96	125	3.727290
23	53	96	126	7.589902
23	54	96	127	9.321587
23	55	96	128	6.359096
23	56	96	129	10.202956
23	57	96	130	12.648346
23	58	96	131	13.376028
23	59	96	132	13.958335
24	25	97	98	1.329670
24	26	97	99	3.257758
24	27	97	100	6.679204
24	28	97	101	9.289324
24	29	97	102	11.737226
24	30	97	103	8.975648
24	31	97	104	8.906404
24	32	97	105	11.808339
24	33	97	106	13.431636
24	34	97	107	8.862613
24	35	97	108	12.674780
24	36	97	109	15.570840
24	37	97	110	14.505989
24	38	97	111	17.201292
24	39	97	112	14.039062
24	40	97	113	13.593453
24	41	97	114	10.371533
24	42	97	115	14.408732
24	43	97	116	13.657335
24	44	97	117	9.060373
24	45	97	118	11.514222
24	46	97	119	13.607410
24	47	97	120	12.221135
24	48	97	121	8.929359
24	49	97	122	10.784460
24	50	97	123	12.861562
24	51	97	124	10.133012
24	52	97	125	6.913515
24	53	97	126	12.275208
24	54	97	127	14.421298
24	55	97	128	10.052184
24	56	97	129	12.970425
24	57	97	130	15.880321
24	58	97	131	17.162694
24	59	97	132	15.291745
25	26	98	99	1.325467
25	27	98	100	3.577081
25	28	98	101	6.568580
25	29	98	102	9.055955
25	30	98	103	6.922663
25	31	98	104	7.796374
25	32	98	105	10.542863
25	33	98	106	12.297822
25	34	98	107	10.561008
25	35	98	108	13.160961
25	36	98	109	15.968318
25	37	98	110	15.586699
25	38	98	111	18.440717
25	39	98	112	15.931603
25	40	98	113	16.543866
25	41	98	114	12.830299
25	42	98	115	17.758193
25	43	98	116	16.764292
25	44	98	117	11.800130
25	45	98	118	14.917542
25	46	98	119	16.975427
25	47	98	120	14.919604
25	48	98	121	11.595363
25	49	98	122	12.892082
25	50	98	123	14.242089
25	51	98	124	11.603653
25	52	98	125	7.232292
25	53	98	126	12.088161
25	54	98	127	13.794862
25	55	98	128	9.362916
25	56	98	129	11.511376
25	57	98	130	14.207459
25	58	98	131	15.267983
25	59	98	132	12.451897
26	27	99	100	1.346048
26	28	99	101	3.252318
26	29	99	102	5.844059
26	30	99	103	3.357650
26	31	99	104	3.732586
26	32	99	105	6.273957
26	33	99	106	7.659854
26	34	99	107	5.576781
26	35	99	108	8.339422
26	36	99	109	11.122820
26	37	99	110	10.058736
26	38	99	111	13.046046
26	39	99	112	10.288314
26	40	99	113	12.091692
26	41	99	114	10.389232
26	42	99	115	14.358609
26	43	99	116	12.458679
26	44	99	117	7.668626
26	45	99	118	11.855226
26	46	99	119	13.956332
26	47	99	120	10.832236
26	48	99	121	7.946590
26	49	99	122	9.437366
26	50	99	123	9.991820
26	51	99	124	6.354166
26	52	99	125	3.279344
26	53	99	126	8.214334
26	54	99	127	9.384058
26	55	99	128	4.138255
26	56	99	129	7.790419
26	57	99	130	10.553588
26	58	99	131	11.193246
26	59	99	132	9.778037
27	28	100	101	1.327778
27	29	100	102	3.293717
27	30	100	103	3.016248
27	31	100	104	2.933149
27	32	100	105	5.119386
27	33	100	106	6.724864
27	34	100	107	7.591174
27	35	100	108	8.988394
27	36	100	109	11.345659
27	37	100	110	12.012770
27	38	100	111	14.640802
27	39	100	112	13.242723
27	40	100	113	15.732887
27	41	100	114	12.826303
27	42	100	115	18.265811
27	43	100	116	16.447319
27	44	100	117	11.343128
27	45	100	118	15.915867
27	46	100	119	17.860015
27	47	100	120	14.221947
27	48	100	121	10.968161
27	49	100	122	11.903201
27	50	100	123	12.605710
27	51	100	124	9.715083
27	52	100	125	6.082599
27	53	100	126	10.347246
27	54	100	127	11.009947
27	55	100	128	6.756719
27	56	100	129	8.649379
27	57	100	130	11.020600
27	58	100	131	11.024254
27	59	100	132	7.875339
28	29	101	102	1.330563
28	30	101	103	3.248540
28	31	101	104	3.249224
28	32	101	105	2.801515
28	33	101	106	5.074109
28	34	101	107	6.961363
28	35	101	108	6.598595
28	36	101	109	9.640438
28	37	101	110	11.288734
28	38	101	111	13.753603
28	39	101	112	13.719847
28	40	101	113	16.265407
28	41	101	114	12.888045
28	42	101	115	18.895086
28	43	101	116	17.995670
28	44	101	117	12.242939
28	45	101	118	17.756339
28	46	101	119	20.172162
28	47	101	120	17.468917
28	48	101	121	14.744591
28	49	101	122	16.050205
28	50	101	123	15.858545
28	51	101	124	12.111549
28	52	101	125	10.074740
28	53	101	126	14.304184
28	54	101	127	13.364820
28	55	101	128	8.396776
28	56	101	129	11.891118
28	57	101	130	14.119917
28	58	101	131	10.873730
28	59	101	132	9.929575
29	30	102	103	1.337532
29	31	102	104	3.224858
29	32	102	105	3.294494
29	33	102	106	2.875386
29	34	102	107	4.999786
29	35	102	108	6.836659
29	36	102	109	8.094484
29	37	102	110	9.114134
29	38	102	111	11.738748
29	39	102	112	11.372175
29	40	102	113	15.025582
29	41	102	114	13.378144
29	42	102	115	18.232979
29	43	102	116	16.765748
29	44	102	117	11.824532
29	45	102	118	17.133091
29	46	102	119	19.332553
29	47	102	120	16.058372
29	48	102	121	13.934957
29	49	102	122	14.939131
29	50	102	123	13.699288
29	51	102	124	10.450745
29	52	102	125	9.852509
29	53	102	126	12.730134
29	54	102	127	10.534174
29	55	102	128	5.694800
29	56	102	129	9.675906
29	57	102	130	11.432440
29	58	102	131	6.028821
29	59	102	132	6.549603
30	31	103	104	1.332666
30	32	103	105	3.322703
30	33	103	106	3.253789
30	34	103	107	2.875607
30	35	103	108	4.957640
30	36	103	109	7.208645
30	37	103	110	7.166510
30	38	103	111	9.905489
30	39	103	112	8.735871
30	40	103	113	11.994120
30	41	103	114	10.530560
30	42	103	115	14.945240
30	43	103	116	13.392396
30	44	103	117	8.414786
30	45	103	118	13.636004
30	46	103	119	15.851072
30	47	103	120	11.804354
30	48	103	121	8.743110
30	49	103	122	8.461872
30	50	103	123	8.966842
30	51	103	124	6.403972
30	52	103	125	4.239437
30	53	103	126	6.334113
30	54	103	127	7.009787
30	55	103	128	3.889407
30	56	103	129	3.794773
30	57	103	130	6.123822
30	58	103	131	6.712219
30	59	103	132	3.872557
31	32	104	105	1.329176
31	33	104	106	3.224101
31	34	104	107	3.389352
31	35	104	108	3.057314
31	36	104	109	5.493571
31	37	104	110	7.147867
31	38	104	111	9.292256
31	39	104	112	9.423968
31	40	104	113	11.609435
31	41	104	114	8.557275
31	42	104	115	14.254861
31	43	104	116	13.814864
31	44	104	117	8.072595
31	45	104	118	13.830130
31	46	104	119	16.328219
31	47	104	120	14.190381
31	48	104	121	11.874983
31	49	104	122	13.538392
31	50	104	123	12.795793
31	51	104	124	8.874229
31	52	104	125	8.002823
31	53	104	126	11.866836
31	54	104	127	10.815622
31	55	104	128	5.668313
31	56	104	129	9.947578
31	57	104	130	12.374519
31	58	104	131	9.945688
31	59	104	132	10.139900
32	33	105	106	1.333389
32	34	105	107	3.345332
32	35	105	108	3.301123
32	36	105	109	3.607158
32	37	105	110	5.505159
32	38	105	111	8.108980
32	39	105	112	9.666152
32	40	105	113	12.119685
32	41	105	114	10.712479
32	42	105	115	15.787261
32	43	105	116	14.281549
32	44	105	117	9.795829
32	45	105	118	15.810648
32	46	105	119	18.254767
32	47	105	120	15.907613
32	48	105	121	13.965875
32	49	105	122	15.752880
32	50	105	123	14.369692
32	51	105	124	10.439911
32	52	105	125	10.547894
32	53	105	126	14.065818
32	54	105	127	11.682278
32	55	105	128	6.953828
32	56	105	129	11.955278
32	57	105	130	13.951624
32	58	105	131	8.888999
32	59	105	132	11.670694
33	34	106	107	1.339027
33	35	106	108	3.175814
33	36	106	109	3.348656
33	37	106	110	3.162191
33	38	106	111	5.691820
33	39	106	112	6.861221
33	40	106	113	9.791114
33	41	106	114	10.657278
33	42	106	115	14.023146
33	43	106	116	11.544741
33	44	106	117	8.299930
33	45	106	118	14.084757
33	46	106	119	16.146364
33	47	106	120	13.598640
33	48	106	121	12.472216
33	49	106	122	13.647377
33	50	106	123	11.648223
33	51	106	124	8.237882
33	52	106	125	9.526422
33	53	106	126	10.225107
33	54	106	127	7.430271
33	55	106	128	3.886043
33	56	106	129	7.582797
33	57	106	130	8.470495
33	58	106	131	3.695498
33	59	106	132	5.967587
34	35	107	108	1.325000
34	36	107	109	3.292479
34	37	107	110	2.791521
34	38	107	111	4.442520
34	39	107	112	4.410380
34	40	107	113	6.716080
34	41	107	114	6.044197
34	42	107	115	9.716245
34	43	107	116	8.044647
34	44	107	117	3.040588
34	45	107	118	8.559740
34	46	107	119	10.902280
34	47	107	120	8.583565
34	48	107	121	7.849604
34	49	107	122	9.945075
34	50	107	123	8.225408
34	51	107	124	3.567454
34	52	107	125	6.916751
34	53	107	126	9.277304
34	54	107	127	7.272507
34	55	107	128	4.678751
34	56	107	129	9.755589
34	57	107	130	11.827227
34	58	107	131	8.527244
34	59	107	132	10.648983
35	36	108	109	1.329488
35	37	108	110	3.439358
35	38	108	111	4.817509
35	39	108	112	6.336830
35	40	108	113	8.213622
35	41	108	114	7.528348
35	42	108	115	11.928099
35	43	108	116	10.735859
35	44	108	117	6.461056
35	45	108	118	12.761667
35	46	108	119	15.148394
35	47	108	120	13.627513
35	48	108	121	12.695824
35	49	108	122	14.851378
35	50	108	123	13.026631
35	51	108	124	8.536280
35	52	108	125	10.938298
35	53	108	126	13.637585
35	54	108	127	10.868313
35	55	108	128	7.357863
35	56	108	129	12.652708
35	57	108	130	14.653298
35	58	108	131	10.791774
35	59	108	132	13.377787
36	37	109	110	1.329257
36	38	109	111	3.309639
36	39	109	112	5.690909
36	40	109	113	8.708416
36	41	109	114	9.607489
36	42	109	115	13.445692
36	43	109	116	10.462320
36	44	109	117	8.074092
36	45	109	118	14.502537
36	46	109	119	16.692512
36	47	109	120	15.155794
36	48	109	121	14.888491
36	49	109	122	16.681902
36	50	109	123	13.971467
36	51	109	124	10.538866
36	52	109	125	13.469386
36	53	109	126	15.092940
36	54	109	127	10.785337
36	55	109	128	8.925958
36	56	109	129	14.092701
36	57	109	130	15.038231
36	58	109	131	8.318335
36	59	109	132	13.597131
37	38	110	111	1.325919
37	39	110	112	3.042076
37	40	110	113	5.810531
37	41	110	114	8.153139
37	42	110	115	10.431554
37	43	110	116	7.183639
37	44	110	117	5.607025
37	45	110	118	10.872653
37	46	110	119	12.688656
37	47	110	120	10.872311
37	48	110	121	11.013901
37	49	110	122	12.686151
37	50	110	123	10.102410
37	51	110	124	6.690694
37	52	110	125	9.837017
37	53	110	126	11.675034
37	54	110	127	7.342404
37	55	110	128	6.637199
37	56	110	129	11.185705
37	57	110	130	12.487542
37	58	110	131	8.279607
37	59	110	132	11.830574
38	39	111	112	1.325396
38	40	111	113	3.359835
38	41	111	114	6.776671
38	42	111	115	8.684635
38	43	111	116	4.104598
38	44	111	117	6.661465
38	45	111	118	10.959980
38	46	111	119	12.089392
38	47	111	120	12.049045
38	48	111	121	13.237323
38	49	111	122	14.749773
38	50	111	123	12.225222
38	51	111	124	9.132427
38	52	111	125	12.671004
38	53	111	126	14.563678
38	54	111	127	10.079337
38	55	111	128	9.929900
38	56	111	129	14.438936
38	57	111	130	15.444694
38	58	111	131	10.809260
38	59	111	132	15.012137
39	40	112	113	1.332917
39	41	112	114	3.988614
39	42	112	115	6.329718
39	43	112	116	3.694494
39	44	112	117	3.125785
39	45	112	118	7.024974
39	46	112	119	8.336452
39	47	112	120	7.157060
39	48	112	121	8.385160
39	49	112	122	9.859146
39	50	112	123	6.932714
39	51	112	124	4.347182
39	52	112	125	7.589380
39	53	112	126	9.186294
39	54	112	127	5.016776
39	55	112	128	6.700322
39	56	112	129	9.972118
39	57	112	130	11.145589
39	58	112	131	9.158258
39	59	112	132	11.899482
40	41	113	114	1.326870
40	42	113	115	3.257296
40	43	113	116	2.940153
40	44	113	117	2.777660
40	45	113	118	4.971023
40	46	113	119	6.702203
40	47	113	120	7.741941
40	48	113	121	8.615411
40	49	113	122	10.863044
40	50	113	123	10.363135
40	51	113	124	6.337089
40	52	113	125	10.699148
40	53	113	126	13.142293
40	54	113	127	10.964544
40	55	113	128	11.120803
40	56	113	129	15.351745
40	57	113	130	17.065568
40	58	113	131	14.734054
40	59	113	132	17.742939
41	42	114	115	1.333904
41	43	114	116	3.315973
41	44	114	117	3.019467
41	45	114	118	2.852533
41	46	114	119	4.888944
41	47	114	120	6.864432
41	48	114	121	7.504099
41	49	114	122	10.341012
41	50	114	123	11.225670
41	51	114	124	7.418065
41	52	114	125	11.428591
41	53	114	126	13.975305
41	54	114	127	13.379249
41	55	114	128	11.607258
41	56	114	129	16.785860
41	57	114	130	18.717626
41	58	114	131	17.411138
41	59	114	132	19.445025
42	43	115	116	1.335806
42	44	115	117	3.072200
42	45	115	118	2.892561
42	46	115	119	2.660764
42	47	115	120	4.866215
42	48	115	121	6.830792
42	49	115	122	9.727557
42	50	115	123	9.943896
42	51	115	124	7.566312
42	52	115	125	11.670561
42	53	115	126	13.863976
42	54	115	127	13.461920
42	55	115	128	13.759794
42	56	115	129	17.272053
42	57	115	130	18.894117
42	58	115	131	18.754945
42	59	115	132	20.819693
43	44	116	117	1.325386
43	45	116	118	3.293853
43	46	116	119	3.413298
43	47	116	120	3.144817
43	48	116	121	4.823125
43	49	116	122	7.284008
43	50	116	123	6.693603
43	51	116	124	4.544131
43	52	116	125	8.676607
43	53	116	126	10.686681
43	54	116	127	10.120183
43	55	116	128	11.183007
43	56	116	129	14.136891
43	57	116	130	15.603195
43	58	116	131	15.005790
43	59	116	132	17.729587
44	45	117	118	1.329187
44	46	117	119	3.353838
44	47	117	120	3.591367
44	48	117	121	3.105567
44	49	117	122	5.613879
44	50	117	123	6.883855
44	51	117	124	4.058151
44	52	117	125	7.616548
44	53	117	126	9.975478
44	54	117	127	9.890030
44	55	117	128	7.926630
44	56	117	129	12.970328
44	57	117	130	15.022603
44	58	117	131	14.219985
44	59	117	132	15.944036
45	46	118	119	1.324815
45	47	118	120	3.254963
45	48	118	121	3.277847
45	49	118	122	6.888208
45	50	118	123	8.463178
45	51	118	124	6.125878
45	52	118	125	9.716151
45	53	118	126	12.111038
45	54	118	127	12.461769
45	55	118	128	11.766319
45	56	118	129	15.502081
45	57	118	130	17.394176
45	58	118	131	17.624879
45	59	118	132	19.283009
46	47	119	120	1.333436
46	48	119	121	3.671636
46	49	119	122	6.522962
46	50	119	123	7.029909
46	51	119	124	7.171220
46	52	119	125	9.978129
46	53	119	126	10.757374
46	54	119	127	12.092070
46	55	119	128	13.517680
46	56	119	129	15.812267
46	57	119	130	17.188037
46	58	119	131	18.319126
46	59	119	132	19.946431
47	48	120	121	1.346526
47	49	120	122	3.290959
47	50	120	123	3.094745
47	51	120	124	3.248945
47	52	120	125	5.457234
47	53	120	126	6.196819
47	54	120	127	7.881393
47	55	120	128	9.323133
47	56	120	129	11.185118
47	57	120	130	12.598694
47	58	120	131	13.797615
47	59	120	132	15.372014
48	49	121	122	1.326933
48	50	121	123	3.200024
48	51	121	124	3.133744
48	52	121	125	3.104207
48	53	121	126	5.093466
48	54	121	127	6.937113
48	55	121	128	7.208581
48	56	121	129	9.089219
48	57	121	130	11.002386
48	58	121	131	12.509364
48	59	121	132	13.598498
49	50	122	123	1.327799
49	51	122	124	3.269425
49	52	122	125	3.420931
49	53	122	126	2.840107
49	54	122	127	4.961898
49	55	122	128	6.901661
49	56	122	129	7.666360
49	57	122	130	8.898932
49	58	122	131	10.866934
49	59	122	132	12.319691
50	51	123	124	1.325161
50	52	123	125	3.263956
50	53	123	126	3.294866
50	54	123	127	2.924340
50	55	123	128	4.930918
50	56	123	129	6.808549
50	57	123	130	7.684673
50	58	123	131	8.885306
50	59	123	132	10.747727
51	52	124	125	1.326786
51	53	124	126	3.332202
51	54	124	127	3.408419
51	55	124	128	3.017557
51	56	124	129	5.117650
51	57	124	130	6.973660
51	58	124	131	7.735886
51	59	124	132	8.974642
52	53	125	126	1.329003
52	54	125	127	3.231951
52	55	125	128	3.416487
52	56	125	129	2.982335
52	57	125	130	5.041331
52	58	125	131	6.981623
52	59	125	132	7.710529
53	54	126	127	1.321955
53	55	126	128	3.375646
53	56	126	129	3.271886
53	57	126	130	3.024533
53	58	126	131	5.178141
53	59	126	132	6.951726
54	55	127	128	1.327362
54	56	127	129	3.232860
54	57	127	130	3.180054
54	58	127	131	2.968315
54	59	127	132	4.984442
55	56	128	129	1.325875
55	57	128	130	3.230992
55	58	128	131	3.312075
55	59	128	132	2.937572
56	57	129	130	1.331813
56	58	129	131	3.321245
56	59	129	132	3.415171
57	58	130	131	1.328004
57	59	130	132	3.264399
58	59	131	132	1.325658
