1	2	23	24	1.322950
1	3	23	25	2.562991
1	4	23	26	7.129922
1	5	23	27	8.753207
1	6	23	28	12.488651
1	7	23	29	15.455390
1	8	23	30	18.138107
1	9	23	31	19.524065
1	10	23	32	18.466024
1	11	23	33	15.859359
1	12	23	34	12.332703
1	13	23	35	10.291826
1	14	23	36	6.943051
1	15	23	37	4.550688
1	16	23	38	2.492791
1	17	23	39	1.348540
1	18	23	40	3.989143
1	19	23	41	5.535094
1	20	23	42	5.767200
1	21	23	43	5.252392
1	22	23	44	7.307645
1	23	23	45	6.610315
1	24	23	46	10.266377
1	25	23	47	5.928227
1	26	23	48	5.599653
1	27	23	49	11.737538
1	28	23	50	13.295827
1	29	23	51	10.744261
1	30	23	52	11.306854
1	31	23	53	16.499019
1	32	23	54	16.823624
1	33	23	55	15.152984
1	34	23	56	17.936325
1	35	23	57	20.853970
1	36	23	58	20.714260
1	37	23	59	20.446612
1	38	23	60	17.228648
1	40	23	61	21.507569
1	41	23	62	22.359207
1	42	23	63	18.145021
1	43	23	64	17.012708
1	44	23	65	11.307080
1	45	23	66	13.088991
1	46	23	67	8.237330
1	47	23	68	10.849270
1	48	23	69	13.528296
1	49	23	70	14.150442
1	50	23	71	14.885241
1	51	23	72	11.039433
1	52	23	73	13.111756
1	53	23	74	10.245112
1	54	23	75	11.578457
1	55	23	76	10.138373
1	56	23	77	6.592084
1	57	23	78	3.544823
1	58	23	79	4.796698
1	59	23	80	7.885666
1	60	23	81	8.815490
1	61	23	82	8.588689
1	62	23	83	6.202701
1	63	23	84	2.159696
1	64	23	85	2.196833
1	65	23	86	4.516361
1	66	23	87	5.472494
1	67	23	88	8.617169
1	68	23	89	7.516276
1	69	23	90	13.379832
1	70	23	91	15.625276
1	71	23	92	18.359236
1	72	23	93	22.309725
2	3	24	25	1.322957
2	4	24	26	4.554646
2	5	24	27	7.106614
2	6	24	28	10.295320
2	7	24	29	13.025220
2	8	24	30	16.399148
2	9	24	31	17.194496
2	10	24	32	15.326006
2	11	24	33	13.139891
2	12	24	34	9.217967
2	13	24	35	7.480276
2	14	24	36	3.642667
2	15	24	37	2.392499
2	16	24	38	1.608849
2	17	24	39	3.119200
2	18	24	40	6.632265
2	19	24	41	9.622935
2	20	24	42	10.959153
2	21	24	43	9.108591
2	22	24	44	10.793177
2	23	24	45	8.644271
2	24	24	46	12.796618
2	25	24	47	6.337256
2	26	24	48	5.760838
2	27	24	49	11.584143
2	28	24	50	13.292266
2	29	24	51	10.446397
2	30	24	52	9.571857
2	31	24	53	15.442417
2	32	24	54	16.192187
2	33	24	55	13.632821
2	34	24	56	16.197846
2	35	24	57	19.718733
2	36	24	58	19.509963
2	37	24	59	19.666662
2	38	24	60	17.093410
2	40	24	61	21.231355
2	41	24	62	21.497307
2	42	24	63	17.457199
2	43	24	64	16.409423
2	44	24	65	11.766901
2	45	24	66	12.114864
2	46	24	67	9.023799
2	47	24	68	9.826477
2	48	24	69	12.396530
2	49	24	70	14.093624
2	50	24	71	15.228824
2	51	24	72	13.323505
2	52	24	73	15.745420
2	53	24	74	13.574758
2	54	24	75	15.982897
2	55	24	76	14.347765
2	56	24	77	11.106188
2	57	24	78	7.042873
2	58	24	79	9.602953
2	59	24	80	12.076843
2	60	24	81	11.386263
2	61	24	82	10.780698
2	62	24	83	6.986496
2	63	24	84	4.481565
2	64	24	85	2.138439
2	65	24	86	1.906690
2	66	24	87	3.621379
2	67	24	88	6.442264
2	68	24	89	7.362074
2	69	24	90	11.983537
2	70	24	91	14.190216
2	71	24	92	17.269546
2	72	24	93	21.027539
3	4	25	26	1.320280
3	5	25	27	3.070941
3	6	25	28	6.767647
3	7	25	29	9.150495
3	8	25	30	12.490774
3	9	25	31	13.376791
3	10	25	32	12.190792
3	11	25	33	9.362203
3	12	25	34	6.286094
3	13	25	35	4.508815
3	14	25	36	3.669253
3	15	25	37	1.889467
3	16	25	38	2.733413
3	17	25	39	2.894594
3	18	25	40	7.735786
3	19	25	41	9.744045
3	20	25	42	11.001393
3	21	25	43	7.341278
3	22	25	44	7.323360
3	23	25	45	4.308553
3	24	25	46	8.473429
3	25	25	47	5.654655
3	26	25	48	2.117309
3	27	25	49	7.568055
3	28	25	50	9.669593
3	29	25	51	8.497040
3	30	25	52	5.848997
3	31	25	53	11.736017
3	32	25	54	13.459861
3	33	25	55	10.842628
3	34	25	56	12.354827
3	35	25	57	16.553436
3	36	25	58	15.512732
3	37	25	59	15.626057
3	38	25	60	12.630914
3	40	25	61	16.734274
3	41	25	62	17.107023
3	42	25	63	13.025900
3	43	25	64	12.127999
3	44	25	65	7.226960
3	45	25	66	8.075568
3	46	25	67	5.320359
3	47	25	68	6.684768
3	48	25	69	9.027828
3	49	25	70	10.714753
3	50	25	71	11.155879
3	51	25	72	9.093192
3	52	25	73	11.300065
3	53	25	74	8.962241
3	54	25	75	11.623403
3	55	25	76	10.814040
3	56	25	77	7.930835
3	57	25	78	4.030711
3	58	25	79	7.570030
3	59	25	80	9.391244
3	60	25	81	8.573526
3	61	25	82	9.414823
3	62	25	83	5.186567
3	63	25	84	3.641168
3	64	25	85	3.206877
3	65	25	86	2.963668
3	66	25	87	2.349244
3	67	25	88	3.538225
3	68	25	89	3.081648
3	69	25	90	7.928908
3	70	25	91	10.110520
3	71	25	92	13.180292
3	72	25	93	17.033457
4	5	26	27	1.319094
4	6	26	28	2.972965
4	7	26	29	6.453358
4	8	26	30	9.857317
4	9	26	31	10.331725
4	10	26	32	6.814599
4	11	26	33	6.240689
4	12	26	34	1.727874
4	13	26	35	2.664091
4	14	26	36	1.308235
4	15	26	37	2.454729
4	16	26	38	6.159237
4	17	26	39	7.414217
4	18	26	40	12.018706
4	19	26	41	14.328917
4	20	26	42	15.594994
4	21	26	43	12.100933
4	22	26	44	12.013493
4	23	26	45	8.346324
4	24	26	46	12.639471
4	25	26	47	9.179372
4	26	26	48	6.380051
4	27	26	49	9.134021
4	28	26	50	11.973000
4	29	26	51	9.957994
4	30	26	52	4.838613
4	31	26	53	12.477926
4	32	26	54	14.540400
4	33	26	55	9.796181
4	34	26	56	10.911818
4	35	26	57	16.410099
4	36	26	58	15.333994
4	37	26	59	15.961650
4	38	26	60	13.343370
4	40	26	61	16.915520
4	41	26	62	15.832299
4	42	26	63	11.671851
4	43	26	64	10.531893
4	44	26	65	7.544672
4	45	26	66	6.792693
4	46	26	67	6.417603
4	47	26	68	6.784845
4	48	26	69	8.117827
4	49	26	70	10.458225
4	50	26	71	11.087732
4	51	26	72	12.029519
4	52	26	73	14.734764
4	53	26	74	12.791108
4	54	26	75	15.948803
4	55	26	76	15.216267
4	56	26	77	12.611295
4	57	26	78	8.644949
4	58	26	79	12.450138
4	59	26	80	14.050311
4	60	26	81	11.106892
4	61	26	82	12.782516
4	62	26	83	7.929603
4	63	26	84	6.774561
4	64	26	85	6.285881
4	65	26	86	4.773719
4	66	26	87	2.011399
4	67	26	88	2.181396
4	68	26	89	1.736882
4	69	26	90	5.316929
4	70	26	91	7.166219
4	71	26	92	10.810466
4	72	26	93	14.289350
5	6	27	28	1.316608
5	7	27	29	2.768231
5	8	27	30	5.275432
5	9	27	31	6.958515
5	10	27	32	6.787091
5	11	27	33	3.695224
5	12	27	34	2.978041
5	13	27	35	3.283397
5	14	27	36	4.413799
5	15	27	37	3.297889
5	16	27	38	6.291416
5	17	27	39	7.290970
5	18	27	40	11.220058
5	19	27	41	13.407554
5	20	27	42	14.047232
5	21	27	43	10.095486
5	22	27	44	8.713291
5	23	27	45	5.783471
5	24	27	46	7.893133
5	25	27	47	6.867037
5	26	27	48	3.037402
5	27	27	49	4.025525
5	28	27	50	7.158143
5	29	27	51	6.504577
5	30	27	52	2.097018
5	31	27	53	7.318588
5	32	27	54	9.826903
5	33	27	55	8.054504
5	34	27	56	6.507429
5	35	27	57	11.797475
5	36	27	58	9.934205
5	37	27	59	10.296300
5	38	27	60	7.761657
5	40	27	61	11.334465
5	41	27	62	10.822652
5	42	27	63	6.655482
5	43	27	64	6.483628
5	44	27	65	3.806238
5	45	27	66	5.033145
5	46	27	67	6.065192
5	47	27	68	7.356634
5	48	27	69	8.269480
5	49	27	70	9.876388
5	50	27	71	8.738907
5	51	27	72	9.516585
5	52	27	73	11.596156
5	53	27	74	9.507971
5	54	27	75	12.511556
5	55	27	76	12.910226
5	56	27	77	10.776301
5	57	27	78	8.542681
5	58	27	79	12.439087
5	59	27	80	13.800222
5	60	27	81	11.883980
5	61	27	82	14.471112
5	62	27	83	10.346784
5	63	27	84	10.264573
5	64	27	85	9.429098
5	65	27	86	8.643556
5	66	27	87	5.695073
5	67	27	88	4.135227
5	68	27	89	1.821188
5	69	27	90	4.108357
5	70	27	91	3.290934
5	71	27	92	7.119142
5	72	27	93	10.337400
6	7	28	29	1.305518
6	8	28	30	3.806275
6	9	28	31	3.824241
6	10	28	32	2.331258
6	11	28	33	2.954436
6	12	28	34	2.150883
6	13	28	35	4.244660
6	14	28	36	7.349132
6	15	28	37	6.958397
6	16	28	38	10.682644
6	17	28	39	11.809751
6	18	28	40	16.110169
6	19	28	41	18.431090
6	20	28	42	19.290043
6	21	28	43	15.191263
6	22	28	44	14.053848
6	23	28	45	9.907950
6	24	28	46	13.126625
6	25	28	47	12.162292
6	26	28	48	8.630783
6	27	28	49	8.743839
6	28	28	50	11.930221
6	29	28	51	10.984123
6	30	28	52	4.399090
6	31	28	53	10.948737
6	32	28	54	13.379195
6	33	28	55	9.422769
6	34	28	56	7.187160
6	35	28	57	13.655076
6	36	28	58	11.210612
6	37	28	59	12.128664
6	38	28	60	10.406784
6	40	28	61	13.284061
6	41	28	62	10.566261
6	42	28	63	6.849917
6	43	28	64	6.928389
6	44	28	65	6.162266
6	45	28	66	6.296796
6	46	28	67	7.000692
6	47	28	68	7.878002
6	48	28	69	8.271332
6	49	28	70	10.582908
6	50	28	71	10.345938
6	51	28	72	11.952888
6	52	28	73	14.910318
6	53	28	74	13.457060
6	54	28	75	16.666102
6	55	28	76	16.296710
6	56	28	77	14.931515
6	57	28	78	11.976953
6	58	28	79	16.144405
6	59	28	80	17.221633
6	60	28	81	13.410237
6	61	28	82	16.890357
6	62	28	83	11.575672
6	63	28	84	12.061352
6	64	28	85	12.120502
6	65	28	86	9.715562
6	66	28	87	7.028062
6	67	28	88	3.763904
6	68	28	89	1.991567
6	69	28	90	1.678480
6	70	28	91	2.079117
6	71	28	92	4.782000
6	72	28	93	7.195656
7	8	29	30	1.348880
7	9	29	31	1.817223
7	10	29	32	2.035631
7	11	29	33	2.060496
7	12	29	34	3.064776
7	13	29	35	4.495534
7	14	29	36	8.364336
7	15	29	37	7.976117
7	16	29	38	11.896049
7	17	29	39	14.323343
7	18	29	40	16.355224
7	19	29	41	19.879070
7	20	29	42	20.720000
7	21	29	43	16.665753
7	22	29	44	15.012320
7	23	29	45	11.754430
7	24	29	46	12.384452
7	25	29	47	11.746119
7	26	29	48	8.456312
7	27	29	49	7.624603
7	28	29	50	10.550312
7	29	29	51	9.124079
7	30	29	52	3.172665
7	31	29	53	8.701128
7	32	29	54	10.706215
7	33	29	55	6.685627
7	34	29	56	3.373047
7	35	29	57	9.819799
7	36	29	58	8.150923
7	37	29	59	10.174870
7	38	29	60	8.941136
7	40	29	61	11.929599
7	41	29	62	9.321211
7	42	29	63	5.329334
7	43	29	64	7.198207
7	44	29	65	6.748681
7	45	29	66	7.631052
7	46	29	67	10.444935
7	47	29	68	11.682171
7	48	29	69	11.623076
7	49	29	70	13.454478
7	50	29	71	11.538056
7	51	29	72	13.045835
7	52	29	73	15.123995
7	53	29	74	14.446672
7	54	29	75	17.282274
7	55	29	76	18.039284
7	56	29	77	17.102438
7	57	29	78	15.384277
7	58	29	79	19.320870
7	59	29	80	20.342951
7	60	29	81	17.230350
7	61	29	82	20.796584
7	62	29	83	15.649123
7	63	29	84	15.879901
7	64	29	85	15.398133
7	65	29	86	13.437120
7	66	29	87	10.803922
7	67	29	88	7.714665
7	68	29	89	5.069670
7	69	29	90	4.544573
7	70	29	91	2.485434
7	71	29	92	6.273727
7	72	29	93	7.526856
8	9	30	31	1.322672
8	10	30	32	3.262782
8	11	30	33	4.935610
8	12	30	34	7.417591
8	13	30	35	8.724328
8	14	30	36	12.660632
8	15	30	37	11.176620
8	16	30	38	14.715965
8	17	30	39	16.199246
8	18	30	40	18.945924
8	19	30	41	21.591668
8	20	30	42	21.810505
8	21	30	43	17.732893
8	22	30	44	15.855618
8	23	30	45	12.297207
8	24	30	46	12.584875
8	25	30	47	12.561413
8	26	30	48	9.501237
8	27	30	49	8.069454
8	28	30	50	10.656314
8	29	30	51	10.243486
8	30	30	52	5.543488
8	31	30	53	8.674020
8	32	30	54	10.958611
8	33	30	55	8.922029
8	34	30	56	3.707264
8	35	30	57	9.784395
8	36	30	58	5.037434
8	37	30	59	7.671215
8	38	30	60	7.327108
8	40	30	61	9.118798
8	41	30	62	5.255963
8	42	30	63	2.012116
8	43	30	64	5.855215
8	44	30	65	6.618780
8	45	30	66	7.338194
8	46	30	67	11.557854
8	47	30	68	13.134020
8	48	30	69	11.353798
8	49	30	70	13.220009
8	50	30	71	10.579069
8	51	30	72	12.934434
8	52	30	73	14.715395
8	53	30	74	14.688292
8	54	30	75	17.246484
8	55	30	76	18.237919
8	56	30	77	17.955809
8	57	30	78	16.771469
8	58	30	79	20.579449
8	59	30	80	21.153921
8	60	30	81	18.349909
8	61	30	82	22.274632
8	62	30	83	17.771047
8	63	30	84	18.690404
8	64	30	85	18.556036
8	65	30	86	16.670536
8	66	30	87	13.962304
8	67	30	88	10.515388
8	68	30	89	7.165798
8	69	30	90	4.279348
8	70	30	91	1.794978
8	71	30	92	3.293106
8	72	30	93	3.248800
9	10	31	32	1.323292
9	11	31	33	2.817086
9	12	31	34	6.455760
9	13	31	35	8.402196
9	14	31	36	12.408932
9	15	31	37	12.216028
9	16	31	38	16.093657
9	17	31	39	18.376811
9	18	31	40	20.790085
9	19	31	41	24.114442
9	20	31	42	24.824069
9	21	31	43	20.772993
9	22	31	44	19.147916
9	23	31	45	15.854529
9	24	31	46	16.427481
9	25	31	47	15.819095
9	26	31	48	12.536339
9	27	31	49	11.685566
9	28	31	50	14.451086
9	29	31	51	13.334298
9	30	31	52	7.691506
9	31	31	53	12.236362
9	32	31	54	14.306649
9	33	31	55	9.828884
9	34	31	56	6.787077
9	35	31	57	12.133279
9	36	31	58	8.918855
9	37	31	59	12.514978
9	38	31	60	11.754049
9	40	31	61	14.053804
9	41	31	62	9.975715
9	42	31	63	6.936503
9	43	31	64	9.585406
9	44	31	65	9.831137
9	45	31	66	10.129186
9	46	31	67	13.206700
9	47	31	68	14.453960
9	48	31	69	13.322030
9	49	31	70	15.440429
9	50	31	71	13.702632
9	51	31	72	16.065970
9	52	31	73	18.545732
9	53	31	74	18.284932
9	54	31	75	21.075220
9	55	31	76	21.736272
9	56	31	77	20.975495
9	57	31	78	18.921695
9	58	31	79	22.990382
9	59	31	80	23.796247
9	60	31	81	20.124385
9	61	31	82	24.088095
9	62	31	83	18.799719
9	63	31	84	19.526969
9	64	31	85	19.392442
9	65	31	86	16.826519
9	66	31	87	14.442098
9	67	31	88	10.742659
9	68	31	89	8.202661
9	69	31	90	6.021162
9	70	31	91	4.926416
9	71	31	92	6.956755
9	72	31	93	6.870012
10	11	32	33	1.327508
10	12	32	34	2.658407
10	13	32	35	6.301745
10	14	32	36	9.536034
10	15	32	37	11.520563
10	16	32	38	15.313853
10	17	32	39	18.015147
10	18	32	40	20.290494
10	19	32	41	24.192860
10	20	32	42	25.174518
10	21	32	43	21.205801
10	22	32	44	19.637632
10	23	32	45	16.242619
10	24	32	46	17.297796
10	25	32	47	16.534050
10	26	32	48	13.153057
10	27	32	49	12.533693
10	28	32	50	15.437191
10	29	32	51	14.267575
10	30	32	52	8.180416
10	31	32	53	13.482145
10	32	32	54	15.600487
10	33	32	55	10.138003
10	34	32	56	8.211241
10	35	32	57	14.434577
10	36	32	58	11.455161
10	37	32	59	14.094473
10	38	32	60	13.168903
10	40	32	61	15.625367
10	41	32	62	11.740958
10	42	32	63	8.571638
10	43	32	64	10.476528
10	44	32	65	10.474883
10	45	32	66	10.539730
10	46	32	67	12.895194
10	47	32	68	13.541170
10	48	32	69	12.437138
10	49	32	70	15.126887
10	50	32	71	14.195065
10	51	32	72	16.545610
10	52	32	73	19.319507
10	53	32	74	18.844081
10	54	32	75	21.780567
10	55	32	76	22.086423
10	56	32	77	21.237275
10	57	32	78	18.748978
10	58	32	79	22.916892
10	59	32	80	23.861687
10	60	32	81	19.263900
10	61	32	82	22.952543
10	62	32	83	17.289311
10	63	32	84	18.080597
10	64	32	85	17.722560
10	65	32	86	14.470538
10	66	32	87	12.960793
10	67	32	88	8.974509
10	68	32	89	8.016740
10	69	32	90	5.789322
10	70	32	91	5.949151
10	71	32	92	8.054718
10	72	32	93	8.691537
11	12	33	34	1.318856
11	13	33	35	3.281481
11	14	33	36	7.345866
11	15	33	37	7.949496
11	16	33	38	11.819402
11	17	33	39	14.792798
11	18	33	40	16.562878
11	19	33	41	20.444507
11	20	33	42	21.983728
11	21	33	43	18.011482
11	22	33	44	17.035552
11	23	33	45	14.327192
11	24	33	46	15.182191
11	25	33	47	13.560612
11	26	33	48	10.332087
11	27	33	49	10.513955
11	28	33	50	13.268164
11	29	33	51	10.830410
11	30	33	52	4.547894
11	31	33	53	11.640789
11	32	33	54	13.027160
11	33	33	55	5.817039
11	34	33	56	5.652382
11	35	33	57	12.040154
11	36	33	58	11.374684
11	37	33	59	14.029116
11	38	33	60	13.212306
11	40	33	61	16.261630
11	41	33	62	12.972683
11	42	33	63	9.185143
11	43	33	64	11.621701
11	44	33	65	10.756122
11	45	33	66	11.160462
11	46	33	67	12.573020
11	47	33	68	13.513219
11	48	33	69	13.797265
11	49	33	70	16.064378
11	50	33	71	15.411185
11	51	33	72	16.664865
11	52	33	73	18.962355
11	53	33	74	17.535252
11	54	33	75	20.580746
11	55	33	76	21.147999
11	56	33	77	19.311756
11	57	33	78	16.784822
11	58	33	79	20.777565
11	59	33	80	22.185935
11	60	33	81	18.969582
11	61	33	82	22.041899
11	62	33	83	16.782132
11	63	33	84	16.475086
11	64	33	85	15.716249
11	65	33	86	13.792009
11	66	33	87	11.398368
11	67	33	88	8.627997
11	68	33	89	7.232014
11	69	33	90	7.467836
11	70	33	91	7.005598
11	71	33	92	10.042743
11	72	33	93	10.402885
12	13	34	35	1.317975
12	14	34	36	4.167651
12	15	34	37	5.943671
12	16	34	38	9.952149
12	17	34	39	12.310153
12	18	34	40	15.329295
12	19	34	41	19.021065
12	20	34	42	20.269435
12	21	34	43	16.385671
12	22	34	44	15.557509
12	23	34	45	11.793990
12	24	34	46	14.967997
12	25	34	47	12.748564
12	26	34	48	9.969385
12	27	34	49	10.638612
12	28	34	50	13.513362
12	29	34	51	11.175466
12	30	34	52	4.118652
12	31	34	53	12.503326
12	32	34	54	14.276798
12	33	34	55	7.724198
12	34	34	56	8.636058
12	35	34	57	14.616651
12	36	34	58	14.191225
12	37	34	59	15.654503
12	38	34	60	14.147991
12	40	34	61	17.280063
12	41	34	62	15.036122
12	42	34	63	11.113564
12	43	34	64	11.394515
12	44	34	65	9.640877
12	45	34	66	8.997078
12	46	34	67	9.312590
12	47	34	68	9.055762
12	48	34	69	9.876548
12	49	34	70	12.522226
12	50	34	71	13.444226
12	51	34	72	14.696930
12	52	34	73	17.588630
12	53	34	74	15.742868
12	54	34	75	18.917642
12	55	34	76	18.595857
12	56	34	77	16.748117
12	57	34	78	13.323383
12	58	34	79	17.234086
12	59	34	80	18.584100
12	60	34	81	14.086525
12	61	34	82	16.558814
12	62	34	83	10.976826
12	63	34	84	11.094005
12	64	34	85	10.833671
12	65	34	86	7.283473
12	66	34	87	6.177636
12	67	34	88	2.776492
12	68	34	89	4.690471
12	69	34	90	5.813351
12	70	34	91	6.856067
12	71	34	92	10.917682
12	72	34	93	13.297271
13	14	35	36	1.325332
13	15	35	37	3.177040
13	16	35	38	6.042624
13	17	35	39	10.018829
13	18	35	40	11.177841
13	19	35	41	15.758794
13	20	35	42	17.932490
13	21	35	43	14.330831
13	22	35	44	14.112465
13	23	35	45	11.888218
13	24	35	46	13.857334
13	25	35	47	9.683309
13	26	35	48	7.920711
13	27	35	49	10.211038
13	28	35	50	12.602061
13	29	35	51	8.461895
13	30	35	52	3.576074
13	31	35	53	11.906602
13	32	35	54	12.365862
13	33	35	55	3.579373
13	34	35	56	7.972857
13	35	35	57	13.492330
13	36	35	58	14.303282
13	37	35	59	15.742137
13	38	35	60	14.548093
13	40	35	61	17.775003
13	41	35	62	16.037983
13	42	35	63	12.005400
13	43	35	64	13.245273
13	44	35	65	11.202179
13	45	35	66	12.040243
13	46	35	67	11.806788
13	47	35	68	12.305252
13	48	35	69	13.706546
13	49	35	70	15.996845
13	50	35	71	15.900087
13	51	35	72	16.621972
13	52	35	73	18.270919
13	53	35	74	15.979616
13	54	35	75	18.888845
13	55	35	76	19.360344
13	56	35	77	16.446855
13	57	35	78	13.215953
13	58	35	79	17.127583
13	59	35	80	18.994221
13	60	35	81	16.783968
13	61	35	82	18.570006
13	62	35	83	13.814062
13	63	35	84	12.298981
13	64	35	85	10.784050
13	65	35	86	9.621985
13	66	35	87	7.920385
13	67	35	88	6.869813
13	68	35	89	7.224720
13	69	35	90	8.827221
13	70	35	91	9.048590
13	71	35	92	12.825417
13	72	35	93	14.971862
14	15	36	37	1.318157
14	16	36	38	2.198345
14	17	36	39	7.521803
14	18	36	40	8.570015
14	19	36	41	13.432350
14	20	36	42	16.364255
14	21	36	43	12.793573
14	22	36	44	13.545782
14	23	36	45	11.810332
14	24	36	46	14.139166
14	25	36	47	8.467242
14	26	36	48	7.365178
14	27	36	49	11.322571
14	28	36	50	13.195047
14	29	36	51	8.517156
14	30	36	52	6.087631
14	31	36	53	13.548713
14	32	36	54	13.634728
14	33	36	55	8.113953
14	34	36	56	11.943341
14	35	36	57	16.253919
14	36	36	58	17.004571
14	37	36	59	17.852631
14	38	36	60	16.173705
14	40	36	61	20.126681
14	41	36	62	19.521322
14	42	36	63	15.249958
14	43	36	64	15.387669
14	44	36	65	12.196700
14	45	36	66	12.489596
14	46	36	67	11.671207
14	47	36	68	11.910981
14	48	36	69	13.668604
14	49	36	70	15.977931
14	50	36	71	16.468060
14	51	36	72	16.740042
14	52	36	73	18.686353
14	53	36	74	16.272574
14	54	36	75	18.954145
14	55	36	76	19.061554
14	56	36	77	16.001813
14	57	36	78	12.329270
14	58	36	79	16.081850
14	59	36	80	18.040491
14	60	36	81	15.844293
14	61	36	82	16.637631
14	62	36	83	12.239826
14	63	36	84	10.209369
14	64	36	85	7.908152
14	65	36	86	6.843761
14	66	36	87	6.597734
14	67	36	88	5.923556
14	68	36	89	7.460811
14	69	36	90	10.755631
14	70	36	91	11.764713
14	71	36	92	15.658824
14	72	36	93	18.706358
15	16	37	38	1.324403
15	17	37	39	4.538397
15	18	37	40	5.947075
15	19	37	41	8.348456
15	20	37	42	10.290575
15	21	37	43	6.340709
15	22	37	44	7.183868
15	23	37	45	7.090993
15	24	37	46	7.493332
15	25	37	47	1.421778
15	26	37	48	2.166808
15	27	37	49	5.988061
15	28	37	50	6.445105
15	29	37	51	1.898117
15	30	37	52	3.802463
15	31	37	53	7.914515
15	32	37	54	7.107091
15	33	37	55	5.364727
15	34	37	56	8.381981
15	35	37	57	10.968589
15	36	37	58	12.081974
15	37	37	59	12.286840
15	38	37	60	11.451452
15	40	37	61	15.196615
15	41	37	62	15.942906
15	42	37	63	11.912648
15	43	37	64	13.150992
15	44	37	65	9.391687
15	45	37	66	11.282633
15	46	37	67	9.739496
15	47	37	68	11.183158
15	48	37	69	13.095261
15	49	37	70	14.569880
15	50	37	71	14.119273
15	51	37	72	13.152296
15	52	37	73	13.975078
15	53	37	74	11.030271
15	54	37	75	13.367218
15	55	37	76	14.482595
15	56	37	77	11.019537
15	57	37	78	8.540115
15	58	37	79	12.024460
15	59	37	80	14.643870
15	60	37	81	14.544594
15	61	37	82	15.058399
15	62	37	83	11.106386
15	63	37	84	8.835567
15	64	37	85	6.369464
15	65	37	86	6.214613
15	66	37	87	6.251131
15	67	37	88	6.447961
15	68	37	89	5.593200
15	69	37	90	10.077240
15	70	37	91	9.763588
15	71	37	92	13.777780
15	72	37	93	16.853794
16	17	38	39	1.322935
16	18	38	40	3.575921
16	19	38	41	6.844500
16	20	38	42	9.325257
16	21	38	43	5.690542
16	22	38	44	7.715675
16	23	38	45	7.764322
16	24	38	46	9.583687
16	25	38	47	1.815015
16	26	38	48	2.961646
16	27	38	49	8.578492
16	28	38	50	9.713473
16	29	38	51	6.251909
16	30	38	52	6.776635
16	31	38	53	11.883662
16	32	38	54	11.991478
16	33	38	55	10.029719
16	34	38	56	12.892347
16	35	38	57	15.758273
16	36	38	58	16.041590
16	37	38	59	16.276715
16	38	38	60	14.311921
16	40	38	61	18.470750
16	41	38	62	19.147982
16	42	38	63	15.162742
16	43	38	64	15.743914
16	44	38	65	11.920908
16	45	38	66	13.991258
16	46	38	67	11.501205
16	47	38	68	12.996598
16	48	38	69	15.390465
16	49	38	70	16.680974
16	50	38	71	16.325120
16	51	38	72	13.912367
16	52	38	73	14.846229
16	53	38	74	12.080097
16	54	38	75	13.910500
16	55	38	76	14.430060
16	56	38	77	10.421500
16	57	38	78	8.073442
16	58	38	79	10.900778
16	59	38	80	14.054769
16	60	38	81	14.672839
16	61	38	82	14.583379
16	62	38	83	11.246055
16	63	38	84	8.178553
16	64	38	85	6.057482
16	65	38	86	6.661541
16	66	38	87	8.011511
16	67	38	88	9.177825
16	68	38	89	8.064138
16	69	38	90	13.092265
16	70	38	91	13.032872
16	71	38	92	16.879431
16	72	38	93	20.080553
17	18	39	40	1.330589
17	19	39	41	2.987565
17	20	39	42	4.584441
17	21	39	43	2.158623
17	22	39	44	5.330220
17	23	39	45	3.655009
17	24	39	46	7.609178
17	25	39	47	2.100901
17	26	39	48	2.071959
17	27	39	49	7.945519
17	28	39	50	9.393822
17	29	39	51	7.388379
17	30	39	52	9.169314
17	31	39	53	12.831476
17	32	39	54	13.615237
17	33	39	55	13.920423
17	34	39	56	15.554257
17	35	39	57	17.949752
17	36	39	58	17.129215
17	37	39	59	16.621062
17	38	39	60	13.771109
17	40	39	61	17.942337
17	41	39	62	19.078573
17	42	39	63	15.139661
17	43	39	64	14.229632
17	44	39	65	8.639686
17	45	39	66	11.505520
17	46	39	67	7.501939
17	47	39	68	10.250011
17	48	39	69	12.639754
17	49	39	70	12.591312
17	50	39	71	12.753367
17	51	39	72	9.203694
17	52	39	73	10.779204
17	53	39	74	8.060015
17	54	39	75	9.936887
17	55	39	76	9.311217
17	56	39	77	5.411725
17	57	39	78	2.847329
17	58	39	79	5.353928
17	59	39	80	8.631309
17	60	39	81	9.809667
17	61	39	82	10.021841
17	62	39	83	7.411861
17	63	39	84	4.696979
17	64	39	85	5.419738
17	65	39	86	6.942781
17	66	39	87	6.690221
17	67	39	88	8.861812
17	68	39	89	5.338699
17	69	39	90	11.992763
17	70	39	91	13.515717
17	71	39	92	16.059513
17	72	39	93	19.999765
18	19	40	41	1.325789
18	20	40	42	4.239552
18	21	40	43	3.101275
18	22	40	44	7.497216
18	23	40	45	8.853393
18	24	40	46	10.196842
18	25	40	47	3.402963
18	26	40	48	5.643715
18	27	40	49	10.668450
18	28	40	50	11.170473
18	29	40	51	6.669141
18	30	40	52	11.226653
18	31	40	53	13.924523
18	32	40	54	11.518828
18	33	40	55	11.385984
18	34	40	56	15.321407
18	35	40	57	17.068582
18	36	40	58	18.193007
18	37	40	59	18.101032
18	38	40	60	16.419805
18	40	40	61	20.390183
18	41	40	62	21.751112
18	42	40	63	18.490671
18	43	40	64	18.739418
18	44	40	65	13.969579
18	45	40	66	17.484726
18	46	40	67	13.998256
18	47	40	68	16.592360
18	48	40	69	18.934938
18	49	40	70	18.782777
18	50	40	71	18.540177
18	51	40	72	14.792147
18	52	40	73	15.299873
18	53	40	74	11.922618
18	54	40	75	13.071131
18	55	40	76	13.971455
18	56	40	77	9.393799
18	57	40	78	8.755108
18	58	40	79	9.404144
18	59	40	80	13.746769
18	60	40	81	15.299362
18	61	40	82	15.659604
18	62	40	83	13.307039
18	63	40	84	9.526415
18	64	40	85	9.184005
18	65	40	86	11.310427
18	66	40	87	12.520666
18	67	40	88	14.140738
18	68	40	89	11.254937
18	69	40	90	17.410204
18	70	40	91	17.482014
18	71	40	92	20.714541
18	72	40	93	24.052284
19	20	41	42	1.327579
19	21	41	43	1.857941
19	22	41	44	5.892520
19	23	41	45	8.729130
19	24	41	46	9.615802
19	25	41	47	4.738554
19	26	41	48	7.631299
19	27	41	49	11.695910
19	28	41	50	11.382870
19	29	41	51	9.313933
19	30	41	52	13.921309
19	31	41	53	15.885190
19	32	41	54	14.073692
19	33	41	55	16.151378
19	34	41	56	18.662930
19	35	41	57	20.154816
19	36	41	58	20.321188
19	37	41	59	19.245763
19	38	41	60	16.848093
19	40	41	61	20.939135
19	41	41	62	22.740862
19	42	41	63	19.715050
19	43	41	64	19.529651
19	44	41	65	13.996460
19	45	41	66	18.301124
19	46	41	67	14.232993
19	47	41	68	17.450387
19	48	41	69	19.769946
19	49	41	70	18.911959
19	50	41	71	18.794236
19	51	41	72	14.100042
19	52	41	73	14.301146
19	53	41	74	10.705218
19	54	41	75	11.297017
19	55	41	76	12.273406
19	56	41	77	7.666756
19	57	41	78	8.181544
19	58	41	79	7.585079
19	59	41	80	12.206115
19	60	41	81	14.173434
19	61	41	82	14.724743
19	62	41	83	13.120844
19	63	41	84	9.927021
19	64	41	85	10.848387
19	65	41	86	13.305722
19	66	41	87	13.702857
19	67	41	88	15.962516
19	68	41	89	12.311515
19	69	41	90	18.904856
19	70	41	91	19.227308
19	71	41	92	21.978263
19	72	41	93	25.454937
20	21	42	43	1.312452
20	22	42	44	3.752127
20	23	42	45	7.627650
20	24	42	46	7.606776
20	25	42	47	5.646429
20	26	42	48	8.074287
20	27	42	49	11.299768
20	28	42	50	11.043672
20	29	42	51	10.976623
20	30	42	52	14.634662
20	31	42	53	15.119450
20	32	42	54	15.232011
20	33	42	55	17.680328
20	34	42	56	19.792116
20	35	42	57	20.955516
20	36	42	58	20.057571
20	37	42	59	18.679679
20	38	42	60	15.370525
20	40	42	61	19.629393
20	41	42	62	21.618319
20	42	42	63	19.110577
20	43	42	64	17.866285
20	44	42	65	13.087304
20	45	42	66	18.185125
20	46	42	67	13.278917
20	47	42	68	17.480359
20	48	42	69	19.832304
20	49	42	70	18.206986
20	50	42	71	18.072328
20	51	42	72	12.547901
20	52	42	73	11.937562
20	53	42	74	8.438412
20	54	42	75	7.891518
20	55	42	76	9.315054
20	56	42	77	4.648536
20	57	42	78	7.120890
20	58	42	79	4.710332
20	59	42	80	9.669847
20	60	42	81	12.124538
20	61	42	82	13.011073
20	62	42	83	12.522289
20	63	42	84	9.454360
20	64	42	85	11.470196
20	65	42	86	14.167531
20	66	42	87	14.045322
20	67	42	88	16.836673
20	68	42	89	12.685534
20	69	42	90	19.159136
20	70	42	91	19.358913
20	71	42	92	21.695460
20	72	42	93	25.045845
21	22	43	44	1.320797
21	23	43	45	3.921707
21	24	43	46	4.931162
21	25	43	47	1.743952
21	26	43	48	4.270475
21	27	43	49	7.326642
21	28	43	50	7.603385
21	29	43	51	6.929185
21	30	43	52	10.374024
21	31	43	53	11.647138
21	32	43	54	11.505669
21	33	43	55	13.724968
21	34	43	56	15.700462
21	35	43	57	17.092092
21	36	43	58	16.242734
21	37	43	59	15.170596
21	38	43	60	12.302222
21	40	43	61	16.488617
21	41	43	62	18.178797
21	42	43	63	15.371706
21	43	43	64	14.845828
21	44	43	65	9.232793
21	45	43	66	13.951882
21	46	43	67	10.426013
21	47	43	68	13.709686
21	48	43	69	15.759312
21	49	43	70	14.390801
21	50	43	71	14.099367
21	51	43	72	9.571937
21	52	43	73	9.660957
21	53	43	74	6.111751
21	54	43	75	6.886692
21	55	43	76	8.407020
21	56	43	77	3.871994
21	57	43	78	4.738101
21	58	43	79	5.918193
21	59	43	80	9.348741
21	60	43	81	11.216279
21	61	43	82	12.309341
21	62	43	83	10.843806
21	63	43	84	8.787112
21	64	43	85	10.540340
21	65	43	86	12.024978
21	66	43	87	10.999836
21	67	43	88	13.059529
21	68	43	89	8.439832
21	69	43	90	14.876028
21	70	43	91	15.351392
21	71	43	92	17.629625
21	72	43	93	21.223616
22	23	44	45	1.327959
22	24	44	46	2.164692
22	25	44	47	2.589552
22	26	44	48	3.137763
22	27	44	49	5.378780
22	28	44	50	6.556407
22	29	44	51	7.538808
22	30	44	52	9.644549
22	31	44	53	10.152540
22	32	44	54	12.131420
22	33	44	55	13.715886
22	34	44	56	14.848436
22	35	44	57	16.636174
22	36	44	58	14.943995
22	37	44	59	13.753832
22	38	44	60	9.830570
22	40	44	61	14.284477
22	41	44	62	16.009391
22	42	44	63	12.925813
22	43	44	64	11.177733
22	44	44	65	6.434843
22	45	44	66	12.153198
22	46	44	67	9.219497
22	47	44	68	12.810903
22	48	44	69	14.488228
22	49	44	70	12.444174
22	50	44	71	11.790762
22	51	44	72	7.037033
22	52	44	73	5.593594
22	53	44	74	2.056050
22	54	44	75	1.567037
22	55	44	76	4.618577
22	56	44	77	1.714200
22	57	44	78	3.870706
22	58	44	79	5.307059
22	59	44	80	7.790690
22	60	44	81	9.841344
22	61	44	82	11.351298
22	62	44	83	10.602170
22	63	44	84	9.356938
22	64	44	85	11.643772
22	65	44	86	13.031846
22	66	44	87	11.085399
22	67	44	88	12.700725
22	68	44	89	7.619605
22	69	44	90	13.412446
22	70	44	91	13.309734
22	71	44	92	15.448401
22	72	44	93	18.811911
23	24	45	46	1.332718
23	25	45	47	3.304918
23	26	45	48	1.754149
23	27	45	49	2.420110
23	28	45	50	4.307704
23	29	45	51	6.293473
23	30	45	52	7.011704
23	31	45	53	7.395569
23	32	45	54	10.138480
23	33	45	55	11.801998
23	34	45	56	11.677669
23	35	45	57	14.175011
23	36	45	58	11.849907
23	37	45	59	10.790877
23	38	45	60	6.821043
23	40	45	61	11.083667
23	41	45	62	12.473997
23	42	45	63	9.107135
23	43	45	64	7.989243
23	44	45	65	1.779418
23	45	45	66	6.452077
23	46	45	67	3.437833
23	47	45	68	7.406315
23	48	45	69	8.602319
23	49	45	70	6.324532
23	50	45	71	6.061485
23	51	45	72	2.305529
23	52	45	73	3.356158
23	53	45	74	1.468643
23	54	45	75	4.261051
23	55	45	76	4.136778
23	56	45	77	2.314883
23	57	45	78	2.116591
23	58	45	79	5.528676
23	59	45	80	6.044900
23	60	45	81	6.381863
23	61	45	82	8.479931
23	62	45	83	6.379878
23	63	45	84	6.572505
23	64	45	85	8.672982
23	65	45	86	9.325595
23	66	45	87	5.847592
23	67	45	88	7.325966
23	68	45	89	2.579077
23	69	45	90	8.314403
23	70	45	91	9.734294
23	71	45	92	11.226874
23	72	45	93	14.964871
24	25	46	47	1.329065
24	26	46	48	2.725896
24	27	46	49	1.792605
24	28	46	50	2.016574
24	29	46	51	4.386202
24	30	46	52	6.094452
24	31	46	53	5.067823
24	32	46	54	7.746858
24	33	46	55	9.820628
24	34	46	56	10.734160
24	35	46	57	12.112665
24	36	46	58	10.055417
24	37	46	59	8.689604
24	38	46	60	5.233715
24	40	46	61	9.594945
24	41	46	62	11.320850
24	42	46	63	8.981377
24	43	46	64	7.945371
24	44	46	65	4.230670
24	45	46	66	10.575575
24	46	46	67	8.963676
24	47	46	68	12.939046
24	48	46	69	14.176958
24	49	46	70	11.639685
24	50	46	71	9.769738
24	51	46	72	6.443823
24	52	46	73	4.353943
24	53	46	74	2.266472
24	54	46	75	3.419822
24	55	46	76	5.584262
24	56	46	77	5.316530
24	57	46	78	6.127322
24	58	46	79	8.862173
24	59	46	80	10.569682
24	60	46	81	12.183615
24	61	46	82	13.907159
24	62	46	83	12.702165
24	63	46	84	12.255321
24	64	46	85	13.902245
24	65	46	86	14.580149
24	66	46	87	11.802822
24	67	46	88	12.694330
24	68	46	89	7.270740
24	69	46	90	11.935421
24	70	46	91	10.573519
24	71	46	92	12.624152
24	72	46	93	14.967924
25	26	47	48	1.329757
25	27	47	49	2.931584
25	28	47	50	1.997200
25	29	47	51	2.005526
25	30	47	52	4.324149
25	31	47	53	5.998140
25	32	47	54	6.613673
25	33	47	55	7.878834
25	34	47	56	9.650279
25	35	47	57	11.099039
25	36	47	58	10.371205
25	37	47	59	9.635859
25	38	47	60	7.615003
25	40	47	61	11.330039
25	41	47	62	13.082161
25	42	47	63	10.204085
25	43	47	64	11.139922
25	44	47	65	7.812140
25	45	47	66	12.317730
25	46	47	67	11.002958
25	47	47	68	13.959142
25	48	47	69	15.870947
25	49	47	70	14.348729
25	50	47	71	13.025934
25	51	47	72	10.217311
25	52	47	73	8.743571
25	53	47	74	5.458208
25	54	47	75	7.171263
25	55	47	76	9.143342
25	56	47	77	7.045067
25	57	47	78	7.302358
25	58	47	79	9.509813
25	59	47	80	12.695677
25	60	47	81	14.109577
25	61	47	82	14.984082
25	62	47	83	12.768142
25	63	47	84	10.451473
25	64	47	85	9.771742
25	65	47	86	10.695864
25	66	47	87	11.177304
25	67	47	88	11.500646
25	68	47	89	7.911131
25	69	47	90	12.902370
25	70	47	91	10.874155
25	71	47	92	14.009969
25	72	47	93	16.222992
26	27	48	49	1.325924
26	28	48	50	3.224377
26	29	48	51	3.482918
26	30	48	52	2.356655
26	31	48	53	5.431202
26	32	48	54	7.216827
26	33	48	55	7.867374
26	34	48	56	8.059321
26	35	48	57	10.702875
26	36	48	58	9.528551
26	37	48	59	9.447084
26	38	48	60	6.930167
26	40	48	61	11.125590
26	41	48	62	12.011284
26	42	48	63	8.285671
26	43	48	64	9.257776
26	44	48	65	5.709208
26	45	48	66	9.028250
26	46	48	67	6.397224
26	47	48	68	8.899389
26	48	48	69	10.883714
26	49	48	70	10.660107
26	50	48	71	10.189528
26	51	48	72	7.481154
26	52	48	73	8.387277
26	53	48	74	5.774116
26	54	48	75	8.212861
26	55	48	76	8.783299
26	56	48	77	5.741657
26	57	48	78	3.985004
26	58	48	79	7.465247
26	59	48	80	9.729643
26	60	48	81	10.628127
26	61	48	82	11.585657
26	62	48	83	8.944717
26	63	48	84	7.744828
26	64	48	85	7.857945
26	65	48	86	8.465174
26	66	48	87	6.877587
26	67	48	88	7.306906
26	68	48	89	3.043188
26	69	48	90	9.021758
26	70	48	91	7.652227
26	71	48	92	11.178133
26	72	48	93	13.789670
27	28	49	50	1.333641
27	29	49	51	3.028824
27	30	49	52	2.328151
27	31	49	53	1.873840
27	32	49	54	4.357437
27	33	49	55	5.893993
27	34	49	56	5.821399
27	35	49	57	7.732560
27	36	49	58	5.843407
27	37	49	59	5.506914
27	38	49	60	2.201791
27	40	49	61	6.543708
27	41	49	62	7.768818
27	42	49	63	4.488571
27	43	49	64	5.156649
27	44	49	65	2.955482
27	45	49	66	7.260286
27	46	49	67	7.841704
27	47	49	68	11.389485
27	48	49	69	11.960466
27	49	49	70	10.635404
27	50	49	71	8.186175
27	51	49	72	6.322304
27	52	49	73	5.110135
27	53	49	74	3.876192
27	54	49	75	5.891407
27	55	49	76	8.107538
27	56	49	77	8.621832
27	57	49	78	8.796266
27	58	49	79	12.320133
27	59	49	80	13.642883
27	60	49	81	14.101361
27	61	49	82	16.481109
27	62	49	83	13.760311
27	63	49	84	13.646740
27	64	49	85	13.757890
27	65	49	86	13.853938
27	66	49	87	11.301928
27	67	49	88	10.308918
27	68	49	89	5.065085
27	69	49	90	7.824328
27	70	49	91	6.203026
27	71	49	92	8.272114
27	72	49	93	10.345506
28	29	50	51	1.331461
28	30	50	52	2.897304
28	31	50	53	1.596675
28	32	50	54	1.823751
28	33	50	55	4.152207
28	34	50	56	5.879338
28	35	50	57	6.589771
28	36	50	58	6.196294
28	37	50	59	4.816174
28	38	50	60	3.170228
28	40	50	61	5.961960
28	41	50	62	7.959276
28	42	50	63	6.976505
28	43	50	64	8.060244
28	44	50	65	6.988009
28	45	50	66	11.254270
28	46	50	67	11.151148
28	47	50	68	14.714970
28	48	50	69	15.659967
28	49	50	70	14.316637
28	50	50	71	12.296940
28	51	50	72	10.505598
28	52	50	73	9.433557
28	53	50	74	6.765000
28	54	50	75	8.941108
28	55	50	76	11.130570
28	56	50	77	11.010243
28	57	50	78	10.773297
28	58	50	79	14.060895
28	59	50	80	15.988158
28	60	50	81	17.049811
28	61	50	82	18.619293
28	62	50	83	16.089162
28	63	50	84	15.775347
28	64	50	85	15.711946
28	65	50	86	15.966198
28	66	50	87	14.034820
28	67	50	88	13.337188
28	68	50	89	8.491790
28	69	50	90	11.583189
28	70	50	91	9.189444
28	71	50	92	11.865415
28	72	50	93	12.877595
29	30	51	52	1.326732
29	31	51	53	3.381865
29	32	51	54	2.452291
29	33	51	55	1.950992
29	34	51	56	4.114386
29	35	51	57	5.758909
29	36	51	58	7.002111
29	37	51	59	7.501488
29	38	51	60	7.168395
29	40	51	61	10.462126
29	41	51	62	11.548729
29	42	51	63	8.330459
29	43	51	64	10.868971
29	44	51	65	8.754571
29	45	51	66	12.726058
29	46	51	67	12.696547
29	47	51	68	15.623272
29	48	51	69	16.906738
29	49	51	70	16.255989
29	50	51	71	14.510083
29	51	51	72	13.265023
29	52	51	73	12.646782
29	53	51	74	9.654134
29	54	51	75	12.274372
29	55	51	76	14.031782
29	56	51	77	12.201293
29	57	51	78	12.057174
29	58	51	79	14.726773
29	59	51	80	17.472117
29	60	51	81	18.671153
29	61	51	82	19.861632
29	62	51	83	16.982672
29	63	51	84	15.380441
29	64	51	85	14.226325
29	65	51	86	14.623240
29	66	51	87	13.347461
29	67	51	88	12.688696
29	68	51	89	8.930541
29	69	51	90	12.872957
29	70	51	91	9.986474
29	71	51	92	13.505363
29	72	51	93	14.431552
30	31	52	53	1.335562
30	32	52	54	2.898485
30	33	52	55	2.619705
30	34	52	56	1.677808
30	35	52	57	3.365900
30	36	52	58	3.846323
30	37	52	59	5.308871
30	38	52	60	5.613651
30	40	52	61	8.936366
30	41	52	62	8.651251
30	42	52	63	4.329774
30	43	52	64	8.225104
30	44	52	65	6.267568
30	45	52	66	9.416682
30	46	52	67	10.060106
30	47	52	68	11.744702
30	48	52	69	12.764315
30	49	52	70	13.909271
30	50	52	71	12.427665
30	51	52	72	12.463124
30	52	52	73	12.852357
30	53	52	74	10.639602
30	54	52	75	13.567138
30	55	52	76	14.768925
30	56	52	77	13.322403
30	57	52	78	11.586764
30	58	52	79	15.436170
30	59	52	80	17.154567
30	60	52	81	16.054548
30	61	52	82	18.231104
30	62	52	83	14.289575
30	63	52	84	13.501011
30	64	52	85	12.338157
30	65	52	86	11.690438
30	66	52	87	9.189242
30	67	52	88	7.819044
30	68	52	89	5.723007
30	69	52	90	7.520086
30	70	52	91	6.097422
30	71	52	92	9.692263
30	72	52	93	10.225142
31	32	53	54	1.324937
31	33	53	55	3.365184
31	34	53	56	3.554290
31	35	53	57	2.490045
31	36	53	58	1.902105
31	37	53	59	2.034502
31	38	53	60	2.523255
31	40	53	61	5.205185
31	41	53	62	6.356030
31	42	53	63	4.818043
31	43	53	64	7.440260
31	44	53	65	7.137418
31	45	53	66	11.720456
31	46	53	67	13.239461
31	47	53	68	16.479403
31	48	53	69	16.976685
31	49	53	70	15.517198
31	50	53	71	12.339903
31	51	53	72	11.246697
31	52	53	73	10.666127
31	53	53	74	9.239287
31	54	53	75	11.403529
31	55	53	76	13.598701
31	56	53	77	13.907589
31	57	53	78	14.080875
31	58	53	79	17.516876
31	59	53	80	18.772709
31	60	53	81	19.310248
31	61	53	82	21.652619
31	62	53	83	19.050857
31	63	53	84	18.972197
31	64	53	85	18.293937
31	65	53	86	18.119845
31	66	53	87	15.930474
31	67	53	88	14.525961
31	68	53	89	10.127291
31	69	53	90	11.555933
31	70	53	91	8.252954
31	71	53	92	10.267004
31	72	53	93	10.592873
32	33	54	55	1.330430
32	34	54	56	3.175725
32	35	54	57	2.661730
32	36	54	58	4.688993
32	37	54	59	5.121656
32	38	54	60	6.693326
32	40	54	61	9.220583
32	41	54	62	9.865314
32	42	54	63	7.871463
32	43	54	64	11.449414
32	44	54	65	10.790357
32	45	54	66	14.653915
32	46	54	67	16.025693
32	47	54	68	19.057282
32	48	54	69	19.711460
32	49	54	70	19.019881
32	50	54	71	16.328977
32	51	54	72	15.606318
32	52	54	73	15.165895
32	53	54	74	12.990914
32	54	54	75	15.453208
32	55	54	76	17.480052
32	56	54	77	16.770599
32	57	54	78	16.475180
32	58	54	79	19.699865
32	59	54	80	21.812017
32	60	54	81	22.366352
32	61	54	82	24.212411
32	62	54	83	21.228021
32	63	54	84	20.779862
32	64	54	85	19.826491
32	65	54	86	19.803967
32	66	54	87	17.981189
32	67	54	88	16.863010
32	68	54	89	12.759064
32	69	54	90	14.353368
32	70	54	91	10.988789
32	71	54	92	13.626872
32	72	54	93	13.813766
33	34	55	56	1.321911
33	35	55	57	2.761255
33	36	55	58	4.840458
33	37	55	59	7.222923
33	38	55	60	8.867560
33	40	55	61	11.276450
33	41	55	62	10.923599
33	42	55	63	8.383270
33	43	55	64	12.948295
33	44	55	65	11.941057
33	45	55	66	15.052183
33	46	55	67	16.851128
33	47	55	68	18.108221
33	48	55	69	18.989808
33	49	55	70	20.191097
33	50	55	71	17.802623
33	51	55	72	17.490544
33	52	55	73	17.291210
33	53	55	74	15.039049
33	54	55	75	17.684520
33	55	55	76	19.520340
33	56	55	77	18.376281
33	57	55	78	17.764117
33	58	55	79	20.986154
33	59	55	80	23.211398
33	60	55	81	22.735910
33	61	55	82	24.811242
33	62	55	83	20.630703
33	63	55	84	19.158059
33	64	55	85	17.399519
33	65	55	86	16.715837
33	66	55	87	14.994523
33	67	55	88	13.949977
33	68	55	89	12.158330
33	69	55	90	13.140995
33	70	55	91	10.499127
33	71	55	92	14.165507
33	72	55	93	13.974028
34	35	56	57	1.327874
34	36	56	58	2.670121
34	37	56	59	5.509065
34	38	56	60	6.347124
34	40	56	61	8.960954
34	41	56	62	7.109185
34	42	56	63	3.244357
34	43	56	64	8.422039
34	44	56	65	8.820951
34	45	56	66	11.165757
34	46	56	67	14.283457
34	47	56	68	16.037022
34	48	56	69	16.089591
34	49	56	70	16.837945
34	50	56	71	14.026301
34	51	56	72	14.943506
34	52	56	73	15.472938
34	53	56	74	14.554246
34	54	56	75	17.196111
34	55	56	76	18.754276
34	56	56	77	18.383929
34	57	56	78	17.527118
34	58	56	79	21.325933
34	59	56	80	22.561397
34	60	56	81	20.877417
34	61	56	82	23.926109
34	62	56	83	19.917463
34	63	56	84	19.750523
34	64	56	85	18.899738
34	65	56	86	18.074357
34	66	56	87	15.243415
34	67	56	88	13.135089
34	68	56	89	9.645008
34	69	56	90	9.533485
34	70	56	91	5.907851
34	71	56	92	8.911884
34	72	56	93	8.080485
35	36	57	58	1.320677
35	37	57	59	4.436180
35	38	57	60	7.841881
35	40	57	61	8.096447
35	41	57	62	7.051832
35	42	57	63	7.368478
35	43	57	64	12.235228
35	44	57	65	13.114643
35	45	57	66	16.300295
35	46	57	67	18.870026
35	47	57	68	21.417564
35	48	57	69	21.655708
35	49	57	70	21.442238
35	50	57	71	18.329080
35	51	57	72	18.455275
35	52	57	73	18.272649
35	53	57	74	16.961152
35	54	57	75	19.399833
35	55	57	76	21.411556
35	56	57	77	21.162052
35	57	57	78	20.526438
35	58	57	79	23.987743
35	59	57	80	25.834101
35	60	57	81	25.433547
35	61	57	82	27.906110
35	62	57	83	24.492355
35	63	57	84	24.336086
35	64	57	85	23.077295
35	65	57	86	22.706011
35	66	57	87	20.458330
35	67	57	88	19.009072
35	68	57	89	15.192041
35	69	57	90	15.312236
35	70	57	91	11.307510
35	71	57	92	12.856983
35	72	57	93	11.386412
36	37	58	59	1.321038
36	38	58	60	4.147867
36	40	58	61	5.003800
36	41	58	62	1.991665
36	42	58	63	2.803288
36	43	58	64	7.644228
36	44	58	65	9.904541
36	45	58	66	12.334429
36	46	58	67	16.030111
36	47	58	68	18.856468
36	48	58	69	18.217995
36	49	58	70	17.949137
36	50	58	71	14.242256
36	51	58	72	14.605539
36	52	58	73	14.551748
36	53	58	74	13.994580
36	54	58	75	16.245274
36	55	58	76	18.272668
36	56	58	77	18.606268
36	57	58	78	18.370010
36	58	58	79	22.063551
36	59	58	80	23.084171
36	60	58	81	22.470454
36	61	58	82	25.499889
36	62	58	83	22.255298
36	63	58	84	22.662282
36	64	58	85	22.153155
36	65	58	86	21.755904
36	66	58	87	19.109367
36	67	58	88	17.051491
36	68	58	89	12.486809
36	69	58	90	11.708231
36	70	58	91	7.403510
36	71	58	92	7.195735
36	72	58	93	4.981347
37	38	59	60	1.328846
37	40	59	61	1.828171
37	41	59	62	1.956852
37	42	59	63	2.697728
37	43	59	64	6.154112
37	44	59	65	8.133770
37	45	59	66	11.257784
37	46	59	67	14.925735
37	47	59	68	18.092343
37	48	59	69	17.445336
37	49	59	70	16.168822
37	50	59	71	12.078727
37	51	59	72	12.226250
37	52	59	73	11.276145
37	53	59	74	11.609292
37	54	59	75	13.610107
37	55	59	76	15.988538
37	56	59	77	16.832947
37	57	59	78	17.372892
37	58	59	79	21.011244
37	59	59	80	21.418772
37	60	59	81	21.041079
37	61	59	82	24.320505
37	62	59	83	21.432421
37	63	59	84	22.188281
37	64	59	85	22.154789
37	65	59	86	21.954353
37	66	59	87	18.722681
37	67	59	88	16.867904
37	68	59	89	11.906951
37	69	59	90	11.355039
37	70	59	91	7.628032
37	71	59	92	7.512658
37	72	59	93	7.288281
38	40	60	61	1.328988
38	41	60	62	2.535839
38	42	60	63	2.067376
38	43	60	64	2.774985
38	44	60	65	2.911859
38	45	60	66	7.548296
38	46	60	67	10.012574
38	47	60	68	13.845795
38	48	60	69	13.154844
38	49	60	70	10.837313
38	50	60	71	6.706494
38	51	60	72	5.620465
38	52	60	73	4.846688
38	53	60	74	5.105528
38	54	60	75	7.587264
38	55	60	76	9.531672
38	56	60	77	10.652378
38	57	60	78	12.185412
38	58	60	79	15.709843
38	59	60	80	15.010898
38	60	60	81	15.343207
38	61	60	82	18.557841
38	62	60	83	16.495849
38	63	60	84	17.682350
38	64	60	85	18.885291
38	65	60	86	18.717974
38	66	60	87	14.512985
38	67	60	88	13.571005
38	68	60	89	8.324611
38	69	60	90	8.655984
38	70	60	91	5.969300
38	71	60	92	5.764941
38	72	60	93	6.686195
40	41	61	62	1.330964
40	42	61	63	3.056290
40	43	61	64	5.048403
40	44	61	65	7.339395
40	45	61	66	10.300275
40	46	61	67	14.002501
40	47	61	68	17.699838
40	48	61	69	16.127589
40	49	61	70	14.391396
40	50	61	71	9.849492
40	51	61	72	9.967666
40	52	61	73	8.685785
40	53	61	74	10.473046
40	54	61	75	12.793128
40	55	61	76	14.777871
40	56	61	77	16.035763
40	57	61	78	17.146886
40	58	61	79	20.811297
40	59	61	80	20.238039
40	60	61	81	19.852241
40	61	61	82	23.643524
40	62	61	83	20.961862
40	63	61	84	22.223297
40	64	61	85	22.934297
40	65	61	86	22.658003
40	66	61	87	18.552097
40	67	61	88	17.049548
40	68	61	89	11.936537
40	69	61	90	11.358131
40	70	61	91	8.635167
40	71	61	92	6.599625
40	72	61	93	5.799219
41	42	62	63	1.329188
41	43	62	64	4.111491
41	44	62	65	7.752267
41	45	62	66	9.128674
41	46	62	67	14.016427
41	47	62	68	17.144581
41	48	62	69	15.025134
41	49	62	70	14.646727
41	50	62	71	10.679510
41	51	62	72	11.988968
41	52	62	73	11.521887
41	53	62	74	12.400174
41	54	62	75	14.861425
41	55	62	76	16.818045
41	56	62	77	17.778413
41	57	62	78	18.538042
41	58	62	79	22.319382
41	59	62	80	21.940895
41	60	62	81	20.526187
41	61	62	82	24.787524
41	62	62	83	21.167850
41	63	62	84	23.023592
41	64	62	85	23.344995
41	65	62	86	22.502753
41	66	62	87	18.553215
41	67	62	88	16.150597
41	68	62	89	11.308088
41	69	62	90	9.532871
41	70	62	91	6.126779
41	71	62	92	3.767479
41	72	62	93	2.425241
42	43	63	64	1.325859
42	44	63	65	4.013570
42	45	63	66	6.292993
42	46	63	67	10.422310
42	47	63	68	13.527651
42	48	63	69	12.476242
42	49	63	70	11.527242
42	50	63	71	7.727949
42	51	63	72	8.884055
42	52	63	73	9.669053
42	53	63	74	9.770201
42	54	63	75	12.423976
42	55	63	76	13.896382
42	56	63	77	14.465782
42	57	63	78	14.627445
42	58	63	79	18.381976
42	59	63	80	18.205622
42	60	63	81	16.784060
42	61	63	82	20.663626
42	62	63	83	17.239521
42	63	63	84	18.758293
42	64	63	85	19.194862
42	65	63	86	18.503592
42	66	63	87	14.575274
42	67	63	88	12.320656
42	68	63	89	7.500304
42	69	63	90	6.477860
42	70	63	91	2.209931
42	71	63	92	2.114815
42	72	63	93	2.780070
43	44	64	65	1.326762
43	45	64	66	2.749050
43	46	64	67	6.750072
43	47	64	68	10.417437
43	48	64	69	8.889311
43	49	64	70	7.027011
43	50	64	71	2.473874
43	51	64	72	2.610086
43	52	64	73	3.577650
43	53	64	74	5.870243
43	54	64	75	7.661098
43	55	64	76	7.984223
43	56	64	77	9.851919
43	57	64	78	12.323295
43	58	64	79	14.861901
43	59	64	80	12.077924
43	60	64	81	12.043086
43	61	64	82	16.189666
43	62	64	83	14.198780
43	63	64	84	16.787800
43	64	64	85	17.719448
43	65	64	86	16.429632
43	66	64	87	12.082301
43	67	64	88	9.875981
43	68	64	89	5.251287
43	69	64	90	3.288891
43	70	64	91	2.187066
43	71	64	92	1.928300
43	72	64	93	4.167010
44	45	65	66	1.327713
44	46	65	67	2.916272
44	47	65	68	6.782993
44	48	65	69	6.870693
44	49	65	70	4.834690
44	50	65	71	2.441294
44	51	65	72	2.870420
44	52	65	73	2.695615
44	53	65	74	2.257888
44	54	65	75	4.546158
44	55	65	76	5.233006
44	56	65	77	5.882120
44	57	65	78	6.176908
44	58	65	79	9.414973
44	59	65	80	8.896580
44	60	65	81	8.568618
44	61	65	82	11.588882
44	62	65	83	9.370396
44	63	65	84	10.863422
44	64	65	85	12.528625
44	65	65	86	12.231799
44	66	65	87	7.116631
44	67	65	88	6.705937
44	68	65	89	1.715928
44	69	65	90	2.461250
44	70	65	91	2.513037
44	71	65	92	3.819644
44	72	65	93	7.755135
45	46	66	67	1.328656
45	47	66	68	3.962573
45	48	66	69	2.451297
45	49	66	70	2.832917
45	50	66	71	1.238920
45	51	66	72	3.709230
45	52	66	73	7.513510
45	53	66	74	8.536924
45	54	66	75	11.070879
45	55	66	76	9.759394
45	56	66	77	10.858341
45	57	66	78	9.122011
45	58	66	79	12.676426
45	59	66	80	12.096298
45	60	66	81	8.117852
45	61	66	82	12.929941
45	62	66	83	8.434422
45	63	66	84	11.489152
45	64	66	85	12.848850
45	65	66	86	10.615188
45	66	66	87	6.205852
45	67	66	88	3.847367
45	68	66	89	2.213592
45	69	66	90	1.721170
45	70	66	91	3.528051
45	71	66	92	2.005665
45	72	66	93	6.537789
46	47	67	68	1.330280
46	48	67	69	2.406838
46	49	67	70	1.960864
46	50	67	71	2.696993
46	51	67	72	2.236781
46	52	67	73	5.773618
46	53	67	74	6.678363
46	54	67	75	8.139616
46	55	67	76	4.308701
46	56	67	77	3.472188
46	57	67	78	2.515902
46	58	67	79	5.371168
46	59	67	80	3.465630
46	60	67	81	2.226910
46	61	67	82	5.124556
46	62	67	83	3.053048
46	63	67	84	5.979560
46	64	67	85	8.325124
46	65	67	86	8.265509
46	66	67	87	2.542809
46	67	67	88	2.629934
46	68	67	89	2.056955
46	69	67	90	3.553318
46	70	67	91	7.433417
46	71	67	92	7.731076
46	72	67	93	12.290093
47	48	68	69	1.330519
47	49	68	70	2.670675
47	50	68	71	6.556098
47	51	68	72	6.803257
47	52	68	73	10.975422
47	53	68	74	10.734716
47	54	68	75	13.537942
47	55	68	76	9.874274
47	56	68	77	9.036590
47	57	68	78	6.805334
47	58	68	79	9.382460
47	59	68	80	9.263182
47	60	68	81	3.012769
47	61	68	82	7.673552
47	62	68	83	2.569530
47	63	68	84	7.043553
47	64	68	85	9.598889
47	65	68	86	7.473860
47	66	68	87	2.806035
47	67	68	88	2.291752
47	68	68	89	3.621801
47	69	68	90	5.074339
47	70	68	91	9.184545
47	71	68	92	8.674913
47	72	68	93	14.974766
48	49	69	70	1.331261
48	50	69	71	3.676892
48	51	69	72	6.972567
48	52	69	73	10.985356
48	53	69	74	11.694593
48	54	69	75	14.547306
48	55	69	76	11.891686
48	56	69	77	11.712795
48	57	69	78	9.607631
48	58	69	79	12.867645
48	59	69	80	12.498207
48	60	69	81	6.704709
48	61	69	82	12.038054
48	62	69	83	6.900092
48	63	69	84	10.767623
48	64	69	85	12.665632
48	65	69	86	9.705223
48	66	69	87	5.231934
48	67	69	88	3.949958
48	68	69	89	4.165091
48	69	69	90	4.361008
48	70	69	91	8.234570
48	71	69	92	5.088965
48	72	69	93	11.807247
49	50	70	71	1.322825
49	51	70	72	3.085367
49	52	70	73	7.006490
49	53	70	74	8.576863
49	54	70	75	10.833563
49	55	70	76	8.031176
49	56	70	77	9.305673
49	57	70	78	8.429421
49	58	70	79	11.633767
49	59	70	80	9.476437
49	60	70	81	5.154612
49	61	70	82	10.890423
49	62	70	83	7.138796
49	63	70	84	11.656312
49	64	70	85	13.934599
49	65	70	86	11.728657
49	66	70	87	6.821154
49	67	70	88	6.193568
49	68	70	89	5.748314
49	69	70	90	6.142729
49	70	70	91	9.102596
49	71	70	92	6.434356
49	72	70	93	12.505178
50	51	71	72	1.324689
50	52	71	73	4.772813
50	53	71	74	7.448532
50	54	71	75	9.262430
50	55	71	76	7.605764
50	56	71	77	9.526902
50	57	71	78	9.632528
50	58	71	79	12.851236
50	59	71	80	10.485521
50	60	71	81	8.122796
50	61	71	82	13.301260
50	62	71	83	10.019866
50	63	71	84	13.413998
50	64	71	85	15.592269
50	65	71	86	14.431752
50	66	71	87	8.765371
50	67	71	88	8.053328
50	68	71	89	5.025937
50	69	71	90	5.464117
50	70	71	91	6.532798
50	71	71	92	4.961057
50	72	71	93	9.138053
51	52	72	73	1.321244
51	53	72	74	3.691840
51	54	72	75	5.208216
51	55	72	76	1.657057
51	56	72	77	3.951364
51	57	72	78	4.676162
51	58	72	79	7.227288
51	59	72	80	5.120592
51	60	72	81	5.130165
51	61	72	82	8.575876
51	62	72	83	7.654775
51	63	72	84	9.796902
51	64	72	85	12.495469
51	65	72	86	13.365628
51	66	72	87	7.906796
51	67	72	88	8.860602
51	68	72	89	5.941161
51	69	72	90	7.589874
51	70	72	91	8.613518
51	71	72	92	8.831511
51	72	72	93	12.421535
52	53	73	74	1.327726
52	54	73	75	2.593114
52	55	73	76	2.079852
52	56	73	77	3.682842
52	57	73	78	7.045157
52	58	73	79	9.279350
52	59	73	80	7.416566
52	60	73	81	9.094405
52	61	73	82	11.794458
52	62	73	83	11.323815
52	63	73	84	12.746850
52	64	73	85	15.312215
52	65	73	86	16.162904
52	66	73	87	11.109692
52	67	73	88	12.433686
52	68	73	89	8.520737
52	69	73	90	10.897909
52	70	73	91	11.094365
52	71	73	92	11.330572
52	72	73	93	13.795021
53	54	74	75	1.324237
53	55	74	76	2.644840
53	56	74	77	2.233423
53	57	74	78	4.886923
53	58	74	79	7.135185
53	59	74	80	7.534849
53	60	74	81	9.492689
53	61	74	82	11.454418
53	62	74	83	10.775735
53	63	74	84	11.179642
53	64	74	85	13.506662
53	65	74	86	14.389720
53	66	74	87	10.018639
53	67	74	88	11.187881
53	68	74	89	6.517767
53	69	74	90	10.998851
53	70	74	91	11.471534
53	71	74	92	12.059770
53	72	74	93	15.059531
54	55	75	76	1.326753
54	56	75	77	2.694736
54	57	75	78	6.695382
54	58	75	79	7.109264
54	59	75	80	6.152447
54	60	75	81	9.355254
54	61	75	82	11.394799
54	62	75	83	12.180863
54	63	75	84	12.169076
54	64	75	85	14.984331
54	65	75	86	16.867663
54	66	75	87	12.766283
54	67	75	88	14.273769
54	68	75	89	9.701487
54	69	75	90	13.796737
54	70	75	91	14.033365
54	71	75	92	14.677632
54	72	75	93	17.708915
55	56	76	77	1.339956
55	57	76	78	4.415067
55	58	76	79	4.518785
55	59	76	80	2.145574
55	60	76	81	5.582437
55	61	76	82	7.674219
55	62	76	83	8.939814
55	63	76	84	9.682643
55	64	76	85	12.569557
55	65	76	86	14.876316
55	66	76	87	10.355094
55	67	76	88	12.399024
55	68	76	89	9.561061
55	69	76	90	12.974321
55	70	76	91	14.650590
55	71	76	92	15.279366
55	72	76	93	18.834821
56	57	77	78	1.348952
56	58	77	79	1.960526
56	59	77	80	2.414735
56	60	77	81	3.822075
56	61	77	82	5.864190
56	62	77	83	6.535104
56	63	77	84	6.856355
56	64	77	85	9.756721
56	65	77	86	11.847889
56	66	77	87	8.326418
56	67	77	88	11.168160
56	68	77	89	7.463835
56	69	77	90	12.953976
56	70	77	91	14.769757
56	71	77	92	15.738533
56	72	77	93	19.497071
57	58	78	79	1.334878
57	59	78	80	2.463093
57	60	78	81	1.939690
57	61	78	82	2.641888
57	62	78	83	3.012335
57	63	78	84	2.869637
57	64	78	85	5.533290
57	65	78	86	7.571854
57	66	78	87	4.780967
57	67	78	88	7.796213
57	68	78	89	4.887800
57	69	78	90	10.468737
57	70	78	91	13.648298
57	71	78	92	15.162200
57	72	78	93	19.306911
58	59	79	80	1.324179
58	60	79	81	2.811872
58	61	79	82	3.186226
58	62	79	83	3.664083
58	63	79	84	3.657867
58	64	79	85	6.825734
58	65	79	86	10.299775
58	66	79	87	8.227153
58	67	79	88	11.353882
58	68	79	89	8.846821
58	69	79	90	14.396514
58	70	79	91	17.434743
58	71	79	92	18.769490
58	72	79	93	22.862542
59	60	80	81	1.330711
59	61	80	82	3.230817
59	62	80	83	5.242610
59	63	80	84	6.672720
59	64	80	85	9.586851
59	65	80	86	12.385650
59	66	80	87	9.298001
59	67	80	88	12.460156
59	68	80	89	10.075357
59	69	80	90	14.499307
59	70	80	91	17.313023
59	71	80	92	18.076671
59	72	80	93	22.100755
60	61	81	82	1.324647
60	62	81	83	1.972715
60	63	81	84	5.762034
60	64	81	85	8.980232
60	65	81	86	9.417558
60	66	81	87	5.104907
60	67	81	88	7.451427
60	68	81	89	7.927652
60	69	81	90	10.329593
60	70	81	91	14.226479
60	71	81	92	13.405588
60	72	81	93	18.942361
61	62	82	83	1.323351
61	63	82	84	3.971525
61	64	82	85	6.957613
61	65	82	86	9.120779
61	66	82	87	6.771675
61	67	82	88	10.230842
61	68	82	89	10.873818
61	69	82	90	14.754535
61	70	82	91	18.559731
61	71	82	92	18.880828
61	72	82	93	23.880579
62	63	83	84	1.306255
62	64	83	85	4.770022
62	65	83	86	4.336511
62	66	83	87	1.867085
62	67	83	88	4.597410
62	68	83	89	6.883874
62	69	83	90	9.773843
62	70	83	91	13.797221
62	71	83	92	14.090238
62	72	83	93	19.497344
63	64	84	85	1.335009
63	65	84	86	2.963471
63	66	84	87	2.165877
63	67	84	88	6.091525
63	68	84	89	7.615588
63	69	84	90	12.083065
63	70	84	91	15.509789
63	71	84	92	17.595304
63	72	84	93	22.015235
64	65	85	86	1.323392
64	66	85	87	2.934968
64	67	85	88	7.122029
64	68	85	89	8.286761
64	69	85	90	13.133120
64	70	85	91	15.908432
64	71	85	92	18.674382
64	72	85	93	22.617909
65	66	86	87	1.324811
65	67	86	88	3.389780
65	68	86	89	7.375071
65	69	86	90	10.682208
65	70	86	91	13.621167
65	71	86	92	15.844000
65	72	86	93	20.490337
66	67	87	88	1.325355
66	68	87	89	3.809806
66	69	87	90	7.135978
66	70	87	91	10.898876
66	71	87	92	12.200711
66	72	87	93	17.049966
67	68	88	89	1.314973
67	69	88	90	4.139736
67	70	88	91	7.505068
67	71	88	92	9.300528
67	72	88	93	14.139702
68	69	89	90	1.316005
68	70	89	91	3.768698
68	71	89	92	6.177105
68	72	89	93	10.216753
69	70	90	91	1.318948
69	71	90	92	3.072557
69	72	90	93	6.829338
70	71	91	92	1.324360
70	72	91	93	4.316415
71	72	92	93	1.325875
