1	2	20	21	1.334542
1	3	20	22	3.458896
1	4	20	23	3.321537
1	5	20	24	2.786286
1	6	20	25	4.744569
1	7	20	26	6.763271
1	8	20	27	7.463921
1	9	20	28	7.963290
1	10	20	29	10.641174
1	11	20	30	11.946710
1	12	20	31	12.756224
1	13	20	32	14.732552
1	14	20	33	16.708798
1	16	20	35	17.393120
1	17	20	36	20.585635
1	18	20	37	23.254888
1	19	20	38	23.302889
1	20	20	39	19.337444
1	21	20	40	24.203139
1	22	20	41	24.209405
1	23	20	42	22.771219
1	24	20	43	19.795787
1	25	20	44	19.602485
1	26	20	45	19.370653
1	27	20	46	16.768589
1	28	20	47	14.743393
1	29	20	48	15.289568
1	30	20	49	14.553457
1	31	20	50	11.447544
1	32	20	51	10.750959
1	33	20	52	11.637202
1	34	20	53	9.690063
1	35	20	54	6.528247
1	36	20	55	7.321322
1	37	20	56	8.146110
1	38	20	57	4.907954
1	39	20	58	3.775303
1	40	20	59	5.585322
1	41	20	60	7.029636
1	42	20	61	3.899285
1	43	20	62	3.686284
1	44	20	63	7.685810
1	45	20	64	8.122769
1	46	20	65	7.872916
1	47	20	66	10.032333
1	48	20	67	12.486127
1	49	20	68	10.614790
1	50	20	69	12.949857
1	51	20	70	16.027866
2	3	21	22	1.335962
2	4	21	23	3.405508
2	5	21	24	3.620260
2	6	21	25	3.002281
2	7	21	26	5.072594
2	8	21	27	6.954135
2	9	21	28	6.204333
2	10	21	29	9.010092
2	11	21	30	10.846346
2	12	21	31	12.454049
2	13	21	32	13.021669
2	14	21	33	15.277769
2	16	21	35	16.753358
2	17	21	36	18.793526
2	18	21	37	22.018524
2	19	21	38	21.649300
2	20	21	39	18.489567
2	21	21	40	23.608185
2	22	21	41	24.059649
2	23	21	42	22.627732
2	24	21	43	19.425419
2	25	21	44	19.688797
2	26	21	45	19.867241
2	27	21	46	17.024455
2	28	21	47	15.034163
2	29	21	48	16.295747
2	30	21	49	15.793734
2	31	21	50	11.459656
2	32	21	51	12.236317
2	33	21	52	13.716038
2	34	21	53	11.523896
2	35	21	54	8.384570
2	36	21	55	10.494704
2	37	21	56	10.879515
2	38	21	57	7.050107
2	39	21	58	6.074446
2	40	21	59	9.408538
2	41	21	60	10.280189
2	42	21	61	6.576867
2	43	21	62	8.383314
2	44	21	63	11.746207
2	45	21	64	10.780695
2	46	21	65	10.713377
2	47	21	66	13.525340
2	48	21	67	15.931576
2	49	21	68	12.945168
2	50	21	69	15.188038
2	51	21	70	19.142511
3	4	22	23	1.336256
3	5	22	24	3.293711
3	6	22	25	3.388927
3	7	22	26	2.915359
3	8	22	27	4.905793
3	9	22	28	6.921815
3	10	22	29	7.693073
3	11	22	30	8.802784
3	12	22	31	10.763934
3	13	22	32	12.232123
3	14	22	33	13.564489
3	16	22	35	16.094218
3	17	22	36	17.070989
3	18	22	37	20.286935
3	19	22	38	19.500528
3	20	22	39	15.892271
3	21	22	40	20.784820
3	22	22	41	21.162561
3	23	22	42	19.471186
3	24	22	43	16.413000
3	25	22	44	16.946566
3	26	22	45	16.901471
3	27	22	46	13.865328
3	28	22	47	12.256789
3	29	22	48	13.739916
3	30	22	49	12.980188
3	31	22	50	7.766220
3	32	22	51	10.148548
3	33	22	52	11.864037
3	34	22	53	9.824049
3	35	22	54	5.412464
3	36	22	55	8.944776
3	37	22	56	10.821179
3	38	22	57	7.049945
3	39	22	58	6.325465
3	40	22	59	10.744477
3	41	22	60	12.254637
3	42	22	61	8.564439
3	43	22	62	11.121827
3	44	22	63	14.291716
3	45	22	64	12.834205
3	46	22	65	13.608952
3	47	22	66	16.389995
3	48	22	67	18.734444
3	49	22	68	15.610589
3	50	22	69	18.548910
3	51	22	70	22.054954
4	5	23	24	1.340302
4	6	23	25	3.395401
4	7	23	26	3.345072
4	8	23	27	2.861573
4	9	23	28	5.056361
4	10	23	29	6.888500
4	11	23	30	7.049761
4	12	23	31	8.821902
4	13	23	32	11.005757
4	14	23	33	12.395426
4	16	23	35	14.171131
4	17	23	36	16.333182
4	18	23	37	18.849849
4	19	23	38	18.760146
4	20	23	39	14.468741
4	21	23	40	19.289363
4	22	23	41	19.359223
4	23	23	42	17.966215
4	24	23	43	14.902190
4	25	23	44	14.826233
4	26	23	45	14.799122
4	27	23	46	12.136072
4	28	23	47	10.018932
4	29	23	48	11.075405
4	30	23	49	10.688722
4	31	23	50	7.395068
4	32	23	51	7.141475
4	33	23	52	8.785189
4	34	23	53	6.454977
4	35	23	54	3.983586
4	36	23	55	5.893423
4	37	23	56	7.078430
4	38	23	57	3.688647
4	39	23	58	3.755475
4	40	23	59	7.383318
4	41	23	60	8.797785
4	42	23	61	6.817502
4	43	23	62	9.463043
4	44	23	63	12.031583
4	45	23	64	11.337772
4	46	23	65	13.285880
4	47	23	66	15.387932
4	48	23	67	17.453754
4	49	23	68	15.969308
4	50	23	69	18.778094
4	51	23	70	21.530597
5	6	24	25	1.329494
5	7	24	26	3.342835
5	8	24	27	3.073878
5	9	24	28	2.886943
5	10	24	29	4.974811
5	11	24	30	6.695479
5	12	24	31	7.524007
5	13	24	32	8.919017
5	14	24	33	10.999678
5	16	24	35	11.939980
5	17	24	36	14.938355
5	18	24	37	17.518906
5	19	24	38	17.861452
5	20	24	39	14.361864
5	21	24	40	19.548948
5	22	24	41	19.961862
5	23	24	42	19.042803
5	24	24	43	15.659294
5	25	24	44	15.451532
5	26	24	45	16.129870
5	27	24	46	13.731323
5	28	24	47	11.097207
5	29	24	48	12.457201
5	30	24	49	12.596290
5	31	24	50	9.374994
5	32	24	51	8.711176
5	33	24	52	10.234091
5	34	24	53	8.699599
5	35	24	54	5.485140
5	36	24	55	6.894461
5	37	24	56	8.751922
5	38	24	57	6.489880
5	39	24	58	3.460144
5	40	24	59	8.324922
5	41	24	60	10.326804
5	42	24	61	8.502964
5	43	24	62	7.572931
5	44	24	63	12.525462
5	45	24	64	13.194961
5	46	24	65	12.592692
5	47	24	66	14.719580
5	48	24	67	17.348909
5	49	24	68	16.194825
5	50	24	69	16.673148
5	51	24	70	20.263381
6	7	25	26	1.341844
6	8	25	27	3.343656
6	9	25	28	3.494333
6	10	25	29	3.119393
6	11	25	30	5.117990
6	12	25	31	7.041668
6	13	25	32	7.363502
6	14	25	33	9.259859
6	16	25	35	11.660306
6	17	25	36	12.720820
6	18	25	37	16.037648
6	19	25	38	15.615738
6	20	25	39	12.903794
6	21	25	40	18.212346
6	22	25	41	19.109806
6	23	25	42	18.067717
6	24	25	43	14.559195
6	25	25	44	15.036272
6	26	25	45	16.013813
6	27	25	46	13.331545
6	28	25	47	11.067034
6	29	25	48	13.160376
6	30	25	49	13.457729
6	31	25	50	9.634280
6	32	25	51	9.776388
6	33	25	52	11.901007
6	34	25	53	11.002343
6	35	25	54	6.558111
6	36	25	55	9.052092
6	37	25	56	11.248409
6	38	25	57	9.278918
6	39	25	58	6.044780
6	40	25	59	10.972037
6	41	25	60	13.107400
6	42	25	61	11.090987
6	43	25	62	11.134881
6	44	25	63	15.295712
6	45	25	64	15.753119
6	46	25	65	15.507633
6	47	25	66	17.866887
6	48	25	67	20.350144
6	49	25	68	18.526512
6	50	25	69	20.245089
6	51	25	70	23.725927
7	8	26	27	1.329088
7	9	26	28	3.348145
7	10	26	29	3.338212
7	11	26	30	2.809866
7	12	26	31	4.909810
7	13	26	32	6.992080
7	14	26	33	7.741911
7	16	26	35	10.800439
7	17	26	36	11.527866
7	18	26	37	14.297055
7	19	26	38	13.871918
7	20	26	39	10.025306
7	21	26	40	15.165519
7	22	26	41	15.781372
7	23	26	42	14.653711
7	24	26	43	11.208931
7	25	26	44	11.620331
7	26	26	45	12.465311
7	27	26	46	9.423887
7	28	26	47	7.552346
7	29	26	48	9.658448
7	30	26	49	9.686724
7	31	26	50	3.286374
7	32	26	51	6.729733
7	33	26	52	9.102814
7	34	26	53	8.523497
7	35	26	54	3.719778
7	36	26	55	7.949544
7	37	26	56	10.649263
7	38	26	57	9.185724
7	39	26	58	7.474762
7	40	26	59	12.287221
7	41	26	60	14.344607
7	42	26	61	12.549678
7	43	26	62	13.353381
7	44	26	63	17.196813
7	45	26	64	17.180668
7	46	26	65	17.874083
7	47	26	66	20.166367
7	48	26	67	22.530172
7	49	26	68	20.747743
7	50	26	69	22.855548
7	51	26	70	26.167648
8	9	27	28	1.334380
8	10	27	29	3.234586
8	11	27	30	3.064345
8	12	27	31	2.921047
8	13	27	32	5.151491
8	14	27	33	6.904866
8	16	27	35	8.336042
8	17	27	36	10.944620
8	18	27	37	13.052045
8	19	27	38	13.791668
8	20	27	39	9.856227
8	21	27	40	15.011074
8	22	27	41	15.484376
8	23	27	42	14.972759
8	24	27	43	11.508997
8	25	27	44	10.740560
8	26	27	45	11.244361
8	27	27	46	9.665126
8	28	27	47	6.516061
8	29	27	48	7.044043
8	30	27	49	8.301595
8	31	27	50	6.066829
8	32	27	51	3.766870
8	33	27	52	5.476467
8	34	27	53	7.082863
8	35	27	54	3.801061
8	36	27	55	3.942262
8	37	27	56	6.361593
8	38	27	57	7.749967
8	39	27	58	4.759700
8	40	27	59	7.691970
8	41	27	60	10.284434
8	42	27	61	11.275003
8	43	27	62	9.155771
8	44	27	63	13.322181
8	45	27	64	15.511812
8	46	27	65	15.774975
8	47	27	66	17.053860
8	48	27	67	19.164950
8	49	27	68	19.680664
8	50	27	69	20.610523
8	51	27	70	23.022207
9	10	28	29	1.313409
9	11	28	30	3.324070
9	12	28	31	3.246102
9	13	28	32	3.000231
9	14	28	33	5.213843
9	16	28	35	6.497106
9	17	28	36	9.131910
9	18	28	37	11.556543
9	19	28	38	12.372129
9	20	28	39	10.026799
9	21	28	40	15.403103
9	22	28	41	16.460193
9	23	28	42	16.345247
9	24	28	43	12.672101
9	25	28	44	12.540020
9	26	28	45	14.434863
9	27	28	46	12.301918
9	28	28	47	9.400308
9	29	28	48	11.132824
9	30	28	49	12.169863
9	31	28	50	9.349981
9	32	28	51	7.879160
9	33	28	52	9.935102
9	34	28	53	10.710498
9	35	28	54	6.434037
9	36	28	55	8.371252
9	37	28	56	11.014847
9	38	28	57	11.439646
9	39	28	58	7.717588
9	40	28	59	12.078054
9	41	28	60	14.609286
9	42	28	61	14.015745
9	43	28	62	11.242878
9	44	28	63	16.606047
9	45	28	64	18.713651
9	46	28	65	16.741644
9	47	28	66	18.663270
9	48	28	67	21.276700
9	49	28	68	20.447718
9	50	28	69	20.452141
9	51	28	70	24.044613
10	11	29	30	1.331069
10	12	29	31	3.288695
10	13	29	32	3.618480
10	14	29	33	3.236711
10	16	29	35	7.086736
10	17	29	36	6.788347
10	18	29	37	9.976552
10	19	29	38	9.542155
10	20	29	39	7.342382
10	21	29	40	12.534663
10	22	29	41	14.199574
10	23	29	42	13.820002
10	24	29	43	10.129957
10	25	29	44	10.840403
10	26	29	45	12.622297
10	27	29	46	10.771795
10	28	29	47	7.536637
10	29	29	48	10.035151
10	30	29	49	12.123291
10	31	29	50	8.991906
10	32	29	51	8.837085
10	33	29	52	11.207241
10	34	29	53	12.572535
10	35	29	54	7.495775
10	36	29	55	10.705783
10	37	29	56	13.438145
10	38	29	57	13.565749
10	39	29	58	10.274811
10	40	29	59	14.781132
10	41	29	60	17.240381
10	42	29	61	16.519279
10	43	29	62	15.321086
10	44	29	63	19.976076
10	45	29	64	21.199169
10	46	29	65	21.022387
10	47	29	66	23.008931
10	48	29	67	25.433631
10	49	29	68	24.424499
10	50	29	69	25.614388
10	51	29	70	28.923127
11	12	30	31	1.330605
11	13	30	32	3.448777
11	14	30	33	3.379587
11	16	30	35	5.086132
11	17	30	36	7.014541
11	18	30	37	8.624605
11	19	30	38	9.260391
11	20	30	39	5.163673
11	21	30	40	10.427248
11	22	30	41	11.390173
11	23	30	42	10.374162
11	24	30	43	6.939909
11	25	30	44	7.519929
11	26	30	45	8.394215
11	27	30	46	5.730470
11	28	30	47	3.598098
11	29	30	48	5.708932
11	30	30	49	6.395329
11	31	30	50	3.574710
11	32	30	51	3.636008
11	33	30	52	6.167903
11	34	30	53	7.404038
11	35	30	54	3.526061
11	36	30	55	7.686803
11	37	30	56	10.194385
11	38	30	57	10.911815
11	39	30	58	10.299504
11	40	30	59	13.541892
11	41	30	60	15.526642
11	42	30	61	15.680801
11	43	30	62	16.140032
11	44	30	63	19.485006
11	45	30	64	19.954963
11	46	30	65	21.873045
11	47	30	66	23.462910
11	48	30	67	25.446510
11	49	30	68	25.121540
11	50	30	69	27.129812
11	51	30	70	29.680628
12	13	31	32	1.337506
12	14	31	33	3.238929
12	16	31	35	2.939097
12	17	31	36	5.080935
12	18	31	37	7.232037
12	19	31	38	8.922146
12	20	31	39	6.969928
12	21	31	40	11.724183
12	22	31	41	12.830462
12	23	31	42	13.366918
12	24	31	43	9.759519
12	25	31	44	9.266860
12	26	31	45	11.364557
12	27	31	46	9.889781
12	28	31	47	6.624830
12	29	31	48	8.222602
12	30	31	49	10.413791
12	31	31	50	8.856555
12	32	31	51	7.055973
12	33	31	52	8.635781
12	34	31	53	10.888414
12	35	31	54	7.689305
12	36	31	55	8.555022
12	37	31	56	11.461368
12	38	31	57	13.276804
12	39	31	58	10.487909
12	40	31	59	12.221889
12	41	31	60	16.109367
12	42	31	61	17.148926
12	43	31	62	14.340898
12	44	31	63	18.992568
12	45	31	64	21.331146
12	46	31	65	21.295172
12	47	31	66	22.344942
12	48	31	67	24.700857
12	49	31	68	25.316480
12	50	31	69	25.736897
12	51	31	70	28.175769
13	14	32	33	1.335100
13	16	32	35	3.011614
13	17	32	36	2.885743
13	18	32	37	5.319679
13	19	32	38	6.953269
13	20	32	39	6.953043
13	21	32	40	11.020496
13	22	32	41	13.356196
13	23	32	42	14.110964
13	24	32	43	10.726325
13	25	32	44	9.662926
13	26	32	45	12.604087
13	27	32	46	12.143503
13	28	32	47	8.536626
13	29	32	48	10.509201
13	30	32	49	12.960514
13	31	32	50	11.722258
13	32	32	51	10.187505
13	33	32	52	12.204699
13	34	32	53	14.351138
13	35	32	54	10.419276
13	36	32	55	12.902530
13	37	32	56	15.544374
13	38	32	57	16.988745
13	39	32	58	13.732640
13	40	32	59	16.640489
13	41	32	60	20.100459
13	42	32	61	20.414662
13	43	32	62	18.035663
13	44	32	63	22.908817
13	45	32	64	25.028040
13	46	32	65	24.451131
13	47	32	66	26.142183
13	48	32	67	28.493835
13	49	32	68	28.104399
13	50	32	69	28.616979
13	51	32	70	31.960627
14	16	33	35	3.233205
14	17	33	36	2.900142
14	18	33	37	4.040823
14	19	33	38	4.525559
14	20	33	39	3.753906
14	21	33	40	7.684969
14	22	33	41	10.086365
14	23	33	42	11.045419
14	24	33	43	7.883200
14	25	33	44	6.625575
14	26	33	45	10.015739
14	27	33	46	9.695870
14	28	33	47	6.220305
14	29	33	48	9.230239
14	30	33	49	11.936058
14	31	33	50	10.268310
14	32	33	51	10.602008
14	33	33	52	12.833280
14	34	33	53	14.744066
14	35	33	54	10.653811
14	36	33	55	14.446328
14	37	33	56	17.102962
14	38	33	57	18.227147
14	39	33	58	15.636289
14	40	33	59	18.962171
14	41	33	60	21.981583
14	42	33	61	22.136646
14	43	33	62	20.424968
14	44	33	63	25.084060
14	45	33	64	26.725152
14	46	33	65	26.784787
14	47	33	66	28.466020
14	48	33	67	30.772526
14	49	33	68	30.406283
14	50	33	69	31.330155
14	51	33	70	34.398283
16	17	35	36	1.336902
16	18	35	37	3.102898
16	19	35	38	5.742615
16	20	35	39	6.336733
16	21	35	40	10.068200
16	22	35	41	11.639027
16	23	35	42	12.860551
16	24	35	43	9.966771
16	25	35	44	7.779777
16	26	35	45	10.933544
16	27	35	46	11.879735
16	28	35	47	8.265949
16	29	35	48	10.089286
16	30	35	49	12.870684
16	31	35	50	13.109515
16	32	35	51	11.966660
16	33	35	52	13.533562
16	34	35	53	16.054541
16	35	35	54	13.410948
16	36	35	55	13.739211
16	37	35	56	16.878365
16	38	35	57	18.948403
16	39	35	58	15.940164
16	40	35	59	16.166952
16	41	35	60	21.268326
16	42	35	61	22.458850
16	43	35	62	18.579892
16	44	35	63	23.600028
16	45	35	64	26.156044
16	46	35	65	25.787692
16	47	35	66	25.811121
16	48	35	67	28.959331
16	49	35	68	30.052488
16	50	35	69	29.569502
16	51	35	70	31.807103
17	18	36	37	1.331984
17	19	36	38	2.805060
17	20	36	39	4.288146
17	21	36	40	7.782292
17	22	36	41	10.654040
17	23	36	42	12.444667
17	24	36	43	9.547987
17	25	36	44	8.158835
17	26	36	45	12.060684
17	27	36	46	13.117936
17	28	36	47	9.776535
17	29	36	48	12.341419
17	30	36	49	15.198388
17	31	36	50	14.587159
17	32	36	51	14.404322
17	33	36	52	16.097539
17	34	36	53	18.537344
17	35	36	54	14.874642
17	36	36	55	17.842493
17	37	36	56	20.549218
17	38	36	57	22.282815
17	39	36	58	19.619153
17	40	36	59	21.691126
17	41	36	60	25.603982
17	42	36	61	26.175038
17	43	36	62	23.748064
17	44	36	63	28.572916
17	45	36	64	30.784686
17	46	36	65	30.528757
17	47	36	66	31.641783
17	48	36	67	34.217818
17	49	36	68	34.402191
17	50	36	69	34.795066
17	51	36	70	37.587071
18	19	37	38	1.329424
18	20	37	39	3.802617
18	21	37	40	6.557143
18	22	37	41	8.605757
18	23	37	42	11.146657
18	24	37	43	9.791368
18	25	37	44	7.245381
18	26	37	45	11.666191
18	27	37	46	13.608178
18	28	37	47	10.590337
18	29	37	48	12.750466
18	30	37	49	15.614722
18	31	37	50	15.958499
18	32	37	51	15.682397
18	33	37	52	17.240838
18	34	37	53	19.700373
18	35	37	54	16.988565
18	36	37	55	19.537456
18	37	37	56	22.152031
18	38	37	57	23.951788
18	39	37	58	21.721851
18	40	37	59	23.628301
18	41	37	60	27.474553
18	42	37	61	28.362612
18	43	37	62	25.983559
18	44	37	63	30.643814
18	45	37	64	32.820997
18	46	37	65	32.815572
18	47	37	66	33.881662
18	48	37	67	36.381599
18	49	37	68	36.674967
18	50	37	69	37.184800
18	51	37	70	39.781278
19	20	38	39	1.329571
19	21	38	40	3.346995
19	22	38	41	6.792288
19	23	38	42	8.761151
19	24	38	43	6.637838
19	25	38	44	6.180560
19	26	38	45	10.158469
19	27	38	46	11.649842
19	28	38	47	9.638560
19	29	38	48	12.145323
19	30	38	49	14.839934
19	31	38	50	14.836934
19	32	38	51	15.536969
19	33	38	52	17.566795
19	34	38	53	19.666927
19	35	38	54	16.572165
19	36	38	55	20.513857
19	37	38	56	22.977941
19	38	38	57	24.202097
19	39	38	58	22.359447
19	40	38	59	25.159818
19	41	38	60	28.405697
19	42	38	61	28.541422
19	43	38	62	27.477981
19	44	38	63	31.877970
19	45	38	64	33.046569
19	46	38	65	33.747427
19	47	38	66	35.457103
19	48	38	67	37.694468
19	49	38	68	37.198999
19	50	38	69	38.450325
19	51	38	70	41.390746
20	21	39	40	1.357355
20	22	39	41	3.844070
20	23	39	42	5.979048
20	24	39	43	4.096235
20	25	39	44	3.174376
20	26	39	45	6.343562
20	27	39	46	6.858767
20	28	39	47	3.853315
20	29	39	48	6.636033
20	30	39	49	9.405914
20	31	39	50	9.185139
20	32	39	51	9.714817
20	33	39	52	11.817908
20	34	39	53	13.857107
20	35	39	54	11.439958
20	36	39	55	14.938642
20	37	39	56	17.262047
20	38	39	57	18.703216
20	39	39	58	17.722747
20	40	39	59	20.576714
20	41	39	60	22.973906
20	42	39	61	23.560482
20	43	39	62	22.978220
20	44	39	63	26.816757
20	45	39	64	27.766817
20	46	39	65	29.328698
20	47	39	66	30.785632
20	48	39	67	32.803081
20	49	39	68	32.815065
20	50	39	69	34.321120
20	51	39	70	36.743988
21	22	40	41	1.325364
21	23	40	42	3.213654
21	24	40	43	3.098408
21	25	40	44	2.874273
21	26	40	45	5.061740
21	27	40	46	6.846259
21	28	40	47	7.452146
21	29	40	48	8.774332
21	30	40	49	10.190051
21	31	40	50	12.167153
21	32	40	51	13.032120
21	33	40	52	14.772039
21	34	40	53	16.683409
21	35	40	54	15.745750
21	36	40	55	18.801535
21	37	40	56	20.731103
21	38	40	57	22.307760
21	39	40	58	22.306241
21	40	40	59	24.347867
21	41	40	60	26.613894
21	42	40	61	27.261984
21	43	40	62	27.432053
21	44	40	63	30.841110
21	45	40	64	31.443832
21	46	40	65	33.835202
21	47	40	66	35.048128
21	48	40	67	36.888820
21	49	40	68	37.294812
21	50	40	69	38.923137
21	51	40	70	40.783889
22	23	41	42	1.322111
22	24	41	43	3.397566
22	25	41	44	3.076702
22	26	41	45	3.020647
22	27	41	46	5.207363
22	28	41	47	6.779675
22	29	41	48	7.642510
22	30	41	49	7.918579
22	31	41	50	10.917528
22	32	41	51	12.160409
22	33	41	52	13.215620
22	34	41	53	15.307213
22	35	41	54	15.568020
22	36	41	55	17.940726
22	37	41	56	19.538928
22	38	41	57	21.301001
22	39	41	58	21.951180
22	40	41	59	23.217395
22	41	41	60	25.172228
22	42	41	61	26.354065
22	43	41	62	26.848309
22	44	41	63	29.850411
22	45	41	64	30.331275
22	46	41	65	33.180995
22	47	41	66	34.111107
22	48	41	67	35.888925
22	49	41	68	36.707599
22	50	41	69	38.366141
22	51	41	70	39.724130
23	24	42	43	1.345537
23	25	42	44	3.254275
23	26	42	45	3.318446
23	27	42	46	3.069701
23	28	42	47	5.167133
23	29	42	48	6.929559
23	30	42	49	5.452557
23	31	42	50	8.998256
23	32	42	51	10.787490
23	33	42	52	12.450368
23	34	42	53	13.604162
23	35	42	54	13.907888
23	36	42	55	16.772734
23	37	42	56	18.337452
23	38	42	57	19.415810
23	39	42	58	20.778216
23	40	42	59	22.507104
23	41	42	60	23.504224
23	42	42	61	24.284056
23	43	42	62	26.106833
23	44	42	63	28.751229
23	45	42	64	28.523843
23	46	42	65	31.861774
23	47	42	66	33.178891
23	48	42	67	34.781933
23	49	42	68	35.177597
23	50	42	69	37.348802
23	51	42	70	38.891387
24	25	43	44	1.330590
24	26	43	45	3.301785
24	27	43	46	3.268216
24	28	43	47	2.685996
24	29	43	48	4.782761
24	30	43	49	6.810163
24	31	43	50	7.272821
24	32	43	51	8.449302
24	33	43	52	10.507476
24	34	43	53	12.135564
24	35	43	54	11.089250
24	36	43	55	14.376262
24	37	43	56	16.321926
24	38	43	57	17.474102
24	39	43	58	17.945964
24	40	43	59	20.303624
24	41	43	60	21.998637
24	42	43	61	22.403957
24	43	43	62	23.381793
24	44	43	63	26.492724
24	45	43	64	26.696077
24	46	43	65	29.430389
24	47	43	66	30.751843
24	48	43	67	32.541045
24	49	43	68	32.708431
24	50	43	69	34.680902
24	51	43	70	36.647437
25	26	44	45	1.334731
25	27	44	46	3.370657
25	28	44	47	3.339435
25	29	44	48	2.980777
25	30	44	49	5.184279
25	31	44	50	6.985582
25	32	44	51	7.586485
25	33	44	52	8.870407
25	34	44	53	10.959994
25	35	44	54	11.178495
25	36	44	55	13.184622
25	37	44	56	14.894855
25	38	44	57	16.743651
25	39	44	58	17.170315
25	40	44	59	18.473346
25	41	44	60	20.851671
25	42	44	61	22.038761
25	43	44	62	21.985157
25	44	44	63	25.091832
25	45	44	64	25.882020
25	46	44	65	28.421105
25	47	44	66	29.313785
25	48	44	67	31.134015
25	49	44	68	31.985846
25	50	44	69	33.516150
25	51	44	70	34.970268
26	27	45	46	1.344793
26	28	45	47	3.292022
26	29	45	48	3.205438
26	30	45	49	2.943531
26	31	45	50	4.991709
26	32	45	51	6.749311
26	33	45	52	7.613170
26	34	45	53	9.159061
26	35	45	54	10.783923
26	36	45	55	12.386738
26	37	45	56	13.650298
26	38	45	57	15.302234
26	39	45	58	16.849457
26	40	45	59	17.713102
26	41	45	60	18.906538
26	42	45	61	20.330524
26	43	45	62	21.728743
26	44	45	63	24.104908
26	45	45	64	24.178628
26	46	45	65	27.428583
26	47	45	66	28.550332
26	48	45	67	30.111554
26	49	45	68	31.016702
26	50	45	69	32.978510
26	51	45	70	34.098189
27	28	46	47	1.343130
27	29	46	48	3.152006
27	30	46	49	3.228405
27	31	46	50	2.872682
27	32	46	51	4.785451
27	33	46	52	6.802988
27	34	46	53	7.772820
27	35	46	54	7.943071
27	36	46	55	10.705105
27	37	46	56	12.323595
27	38	46	57	13.140076
27	39	46	58	14.717708
27	40	46	59	16.712544
27	41	46	60	17.495370
27	42	46	61	18.048631
27	43	46	62	20.205439
27	44	46	63	22.645357
27	45	46	64	22.307576
27	46	46	65	25.620740
27	47	46	66	27.036554
27	48	46	67	28.657884
27	49	46	68	28.878893
27	50	46	69	31.210719
27	51	46	70	32.919461
28	29	47	48	1.330685
28	30	47	49	3.494150
28	31	47	50	3.522193
28	32	47	51	2.820853
28	33	47	52	4.910910
28	34	47	53	6.833594
28	35	47	54	6.280850
28	36	47	55	8.566883
28	37	47	56	10.563371
28	38	47	57	12.135575
28	39	47	58	12.401895
28	40	47	59	14.472333
28	41	47	60	16.491485
28	42	47	61	17.277445
28	43	47	62	17.636168
28	44	47	63	20.666683
28	45	47	64	21.254753
28	46	47	65	23.745309
28	47	47	66	24.948633
28	48	47	67	26.719057
28	49	47	68	27.163201
28	50	47	69	28.965534
28	51	47	70	30.792936
29	30	48	49	1.336498
29	31	48	50	3.274832
29	32	48	51	3.149703
29	33	48	52	2.912681
29	34	48	53	5.048814
29	35	48	54	6.871463
29	36	48	55	7.683181
29	37	48	56	8.932885
29	38	48	57	10.894328
29	39	48	58	12.306073
29	40	48	59	12.783851
29	41	48	60	14.772828
29	42	48	61	16.486677
29	43	48	62	16.832829
29	44	48	63	19.294225
29	45	48	64	19.971692
29	46	48	65	22.726275
29	47	48	66	23.651752
29	48	48	67	25.313988
29	49	48	68	26.473233
29	50	48	69	28.137644
29	51	48	70	28.916086
30	31	49	50	1.329311
30	32	49	51	3.298348
30	33	49	52	3.391298
30	34	49	53	3.192987
30	35	49	54	5.303519
30	36	49	55	7.214010
30	37	49	56	7.996045
30	38	49	57	9.313873
30	39	49	58	11.252809
30	40	49	59	12.637953
30	41	49	60	12.806152
30	42	49	61	14.240265
30	43	49	62	16.744472
30	44	49	63	18.421561
30	45	49	64	18.013555
30	46	49	65	21.596483
30	47	49	66	22.982284
30	48	49	67	24.364205
30	49	49	68	25.141035
30	50	49	69	27.465750
30	51	49	70	28.578063
31	32	50	51	1.335893
31	33	50	52	3.312959
31	34	50	53	3.069783
31	35	50	54	2.981071
31	36	50	55	5.130095
31	37	50	56	6.813150
31	38	50	57	7.457742
31	39	50	58	9.051013
31	40	50	59	10.959142
31	41	50	60	12.082563
31	42	50	61	12.443259
31	43	50	62	14.662304
31	44	50	63	16.840638
31	45	50	64	16.578809
31	46	50	65	19.697937
31	47	50	66	21.179321
31	48	50	67	22.824961
31	49	50	68	22.965033
31	50	50	69	25.365369
31	51	50	70	27.209235
32	33	51	52	1.328944
32	34	51	53	3.213431
32	35	51	54	3.443980
32	36	51	55	2.922374
32	37	51	56	4.831138
32	38	51	57	6.807083
32	39	51	58	7.526443
32	40	51	59	8.613467
32	41	51	60	10.719945
32	42	51	61	12.314901
32	43	51	62	12.101211
32	44	51	63	14.818915
32	45	51	64	15.966190
32	46	51	65	18.107440
32	47	51	66	19.177873
32	48	51	67	20.872737
32	49	51	68	21.794062
32	50	51	69	23.378351
32	51	51	70	24.904368
33	34	52	53	1.319981
33	35	52	54	3.305820
33	36	52	55	3.468425
33	37	52	56	3.070587
33	38	52	57	5.121054
33	39	52	58	7.000620
33	40	52	59	7.548349
33	41	52	60	8.748742
33	42	52	61	10.946016
33	43	52	62	12.017776
33	44	52	63	13.472997
33	45	52	64	13.980279
33	46	52	65	16.915479
33	47	52	66	18.017981
33	48	52	67	19.431809
33	49	52	68	20.794894
33	50	52	69	22.671497
33	51	52	70	23.508944
34	35	53	54	1.339109
34	36	53	55	3.458126
34	37	53	56	3.264504
34	38	53	57	3.034529
34	39	53	58	5.323310
34	40	53	59	7.066434
34	41	53	60	7.156400
34	42	53	61	8.126523
34	43	53	62	11.027600
34	44	53	63	12.481645
34	45	53	64	11.780255
34	46	53	65	15.332803
34	47	53	66	16.932663
34	48	53	67	18.332871
34	49	53	68	18.769396
34	50	53	69	21.404926
34	51	53	70	22.829120
35	36	54	55	1.336199
35	37	54	56	3.183772
35	38	54	57	3.182755
35	39	54	58	2.916495
35	40	54	59	5.118613
35	41	54	60	6.903640
35	42	54	61	7.760783
35	43	54	62	8.689951
35	44	54	63	10.915691
35	45	54	64	11.590197
35	46	54	65	13.624115
35	47	54	66	15.046329
35	48	54	67	16.866163
35	49	54	68	16.977783
35	50	54	69	19.118624
35	51	54	70	21.276056
36	37	55	56	1.332514
36	38	55	57	3.291397
36	39	55	58	3.254685
36	40	55	59	2.940206
36	41	55	60	4.991294
36	42	55	61	6.878165
36	43	55	62	6.942943
36	44	55	63	8.838276
36	45	55	64	10.849738
36	46	55	65	12.339715
36	47	55	66	13.238781
36	48	55	67	14.885817
36	49	55	68	16.369664
36	50	55	69	17.708855
36	51	55	70	18.939589
37	38	56	57	1.330605
37	39	56	58	3.316947
37	40	56	59	3.339253
37	41	56	60	2.991811
37	42	56	61	4.968299
37	43	56	62	6.834891
37	44	56	63	7.707605
37	45	56	64	7.987445
37	46	56	65	10.905963
37	47	56	66	12.305447
37	48	56	67	13.504130
37	49	56	68	14.839299
37	50	56	69	16.938857
37	51	56	70	17.911469
38	39	57	58	1.331284
38	40	57	59	3.217991
38	41	57	60	3.278517
38	42	57	61	3.024210
38	43	57	62	4.971573
38	44	57	63	6.930387
38	45	57	64	6.883891
38	46	57	65	9.124319
38	47	57	66	10.918393
38	48	57	67	12.539692
38	49	57	68	12.482162
38	50	57	69	15.191576
38	51	57	70	17.062442
39	40	58	59	1.327909
39	41	58	60	3.278683
39	42	58	61	3.347944
39	43	58	62	2.950129
39	44	58	63	5.094439
39	45	58	64	7.010895
39	46	58	65	7.787452
39	47	58	66	8.917896
39	48	58	67	10.895463
39	49	58	68	11.602202
39	50	58	69	13.054846
39	51	58	70	15.146217
40	41	59	60	1.329399
40	42	59	61	3.314954
40	43	59	62	3.459589
40	44	59	63	2.969984
40	45	59	64	5.060739
40	46	59	65	6.947849
40	47	59	66	7.572355
40	48	59	67	8.893959
40	49	59	68	10.860018
40	50	59	69	12.482954
40	51	59	70	13.071509
41	42	60	61	1.329074
41	43	60	62	3.257305
41	44	60	63	3.163077
41	45	60	64	3.026620
41	46	60	65	5.123219
41	47	60	66	6.881578
41	48	60	67	7.844263
41	49	60	68	9.105165
41	50	60	69	11.111476
41	51	60	70	12.608099
42	43	61	62	1.335851
42	44	61	63	3.348441
42	45	61	64	3.054469
42	46	61	65	3.103624
42	47	61	66	5.183944
42	48	61	67	7.067214
42	49	61	68	6.739863
42	50	61	69	9.184189
42	51	61	70	11.176011
43	44	62	63	1.337587
43	45	62	64	3.307773
43	46	62	65	3.234102
43	47	62	66	2.866228
43	48	62	67	4.953854
43	49	62	68	6.768715
43	50	62	69	7.556432
43	51	62	70	9.006192
44	45	63	64	1.336797
44	46	63	65	3.270582
44	47	63	66	3.192077
44	48	63	67	2.976330
44	49	63	68	5.043508
44	50	63	69	7.008012
44	51	63	70	7.663132
45	46	64	65	1.333854
45	47	64	66	3.295077
45	48	64	67	3.375653
45	49	64	68	2.972703
45	50	64	69	5.218904
45	51	64	70	7.098111
46	47	65	66	1.327273
46	48	65	67	3.311088
46	49	65	68	3.387543
46	50	65	69	3.195823
46	51	65	70	5.278034
47	48	66	67	1.325646
47	49	66	68	3.258707
47	50	66	69	3.173299
47	51	66	70	3.032427
48	49	67	68	1.324869
48	50	67	69	3.288049
48	51	67	70	3.417681
49	50	68	69	1.331469
49	51	68	70	3.497140
50	51	69	70	1.348579
